22, 30, 1
14, 6, 1
29, 21, 1
13, 5, 1
9, 0, 1
17, 24, 1
27, 18, 1
8, 7, 1
19, 10, 1
3, 12, 1
28, 20, 1
4, 11, 1
6, 30, 1
28, 12, 1
27, 23, 1
18, 25, 1
16, 14, 1
13, 29, 1
20, 5, 1
8, 15, 1
3, 26, 1
1, 0, 1
19, 24, 1
4, 11, 1
2, 9, 1
6, 29, 1
10, 25, 1
4, 28, 1
17, 8, 1
5, 12, 1
0, 31, 1
2, 24, 1
3, 20, 1
18, 19, 1
16, 15, 1
26, 11, 1
21, 14, 1
17, 2, 1
18, 8, 1
19, 9, 1
16, 31, 1
3, 7, 1
30, 4, 1
5, 21, 1
24, 1, 1
25, 0, 1
20, 28, 1
27, 6, 1
5, 28, 1
3, 26, 1
24, 2, 1
11, 17, 1
25, 23, 1
0, 6, 1
21, 18, 1
10, 8, 1
7, 14, 1
31, 22, 1
20, 12, 1
21, 15, 1
31, 14, 1
27, 24, 1
12, 18, 1
2, 6, 1
20, 22, 1
2, 15, 1
28, 27, 1
12, 14, 1
21, 11, 1
3, 6, 1
20, 31, 1
20, 15, 1
6, 15, 0
2, 12, 0
22, 15, 0
6, 31, 0
15, 3, 0
22, 2, 0
13, 14, 0
22, 3, 0
13, 18, 0
24, 26, 0
30, 5, 0
6, 7, 0
23, 21, 0
12, 20, 0
31, 2, 0
15, 28, 0
14, 31, 0
22, 18, 0
6, 23, 0
26, 28, 0
7, 12, 0
19, 21, 0
1, 10, 0
13, 5, 0
27, 20, 0
2, 24, 0
3, 30, 0
15, 8, 0
14, 5, 0
4, 29, 0
28, 3, 0
17, 12, 0
15, 1, 0
10, 20, 0
23, 8, 0
19, 18, 0
7, 24, 0
13, 6, 0
11, 26, 0
12, 21, 0
2, 17, 0
13, 22, 0
24, 1, 0
5, 30, 0
16, 25, 0
7, 27, 0
20, 3, 0
28, 4, 0
14, 23, 0
18, 11, 0
15, 9, 0
29, 6, 0
22, 18, 0
0, 24, 0
7, 9, 0
31, 1, 0
25, 10, 0
30, 21, 0
29, 13, 0
23, 11, 0
17, 19, 0
5, 6, 0
3, 28, 0
7, 11, 0
21, 28, 0
17, 10, 0
26, 19, 0
3, 12, 0
16, 9, 0
25, 2, 0
8, 24, 0
23, 1, 0
15, 0, 0
20, 13, 0
30, 29, 0
6, 14, 0
5, 22, 0
CNOT: 149
3, 23, 1
6, 18, 1
17, 5, 1
26, 14, 1
4, 16, 1
15, 27, 1
19, 7, 1
20, 0, 1
9, 29, 1
21, 1, 1
30, 10, 1
31, 11, 1
28, 8, 1
24, 12, 1
25, 13, 1
2, 22, 1
10, 30, 1
16, 31, 1
5, 24, 1
29, 4, 1
22, 9, 1
12, 19, 1
8, 28, 1
13, 20, 1
14, 26, 1
1, 21, 1
23, 3, 1
11, 6, 1
27, 2, 1
0, 15, 1
19, 7, 0
25, 13, 0
6, 18, 0
17, 10, 0
2, 22, 0
9, 29, 0
24, 12, 0
4, 16, 0
30, 23, 0
15, 27, 0
20, 0, 0
31, 11, 0
21, 14, 0
17, 5, 0
26, 7, 0
25, 18, 0
3, 8, 0
28, 1, 0
22, 2, 0
13, 25, 0
12, 24, 0
8, 28, 0
11, 31, 0
10, 30, 0
1, 21, 0
29, 9, 0
0, 20, 0
7, 19, 0
27, 15, 0
16, 4, 0
14, 26, 0
5, 17, 0
18, 6, 0
23, 3, 0
CNOT: 64
6, 18, 1
10, 30, 1
28, 8, 1
14, 26, 1
16, 4, 1
22, 2, 1
0, 20, 1
12, 24, 1
5, 17, 1
1, 21, 1
13, 25, 1
29, 9, 1
19, 7, 1
23, 3, 1
27, 15, 1
31, 11, 1
24, 19, 1
18, 13, 1
3, 23, 1
9, 29, 1
2, 22, 1
26, 14, 1
17, 5, 1
20, 27, 1
8, 28, 1
4, 31, 1
11, 6, 1
21, 1, 1
30, 10, 1
16, 9, 0
14, 7, 0
0, 20, 0
12, 24, 0
13, 25, 0
22, 15, 0
29, 2, 0
6, 18, 0
10, 3, 0
5, 30, 0
1, 26, 0
23, 8, 0
16, 4, 0
27, 15, 0
28, 21, 0
0, 25, 0
19, 7, 0
31, 11, 0
12, 17, 0
11, 31, 0
15, 27, 0
3, 23, 0
7, 19, 0
9, 29, 0
25, 13, 0
21, 1, 0
17, 5, 0
24, 12, 0
20, 0, 0
2, 22, 0
4, 16, 0
26, 14, 0
8, 28, 0
30, 10, 0
18, 6, 0
CNOT: 64
