(30 14 1)|(15 7 1)|(31 23 1)|(22 6 1)|(4 20 1)|(29 13 1)|(5 21 1)|(12 28 1)|(11 3 1)|(18 2 1)|(10 26 1)|(27 19 1)|(24 8 1)|(0 16 1)|(17 9 1)|(25 1 1)|
(23 7 1)|(13 21 1)|(25 17 1)|(3 19 1)|(11 27 1)|(29 5 1)|(16 31 1)|(1 8 1)|(30 22 1)|(20 28 1)|(26 18 1)|(4 12 1)|(6 14 1)|(0 24 1)|
(21 20 1)|(14 13 1)|(31 15 1)|(9 8 1)|(7 6 1)|(26 17 1)|(16 0 1)|(27 23 1)|(19 11 1)|(28 4 1)|(10 25 1)|(3 18 1)|
(9 1 1)|(20 3 1)|(6 5 1)|(8 0 1)|(13 12 1)|(24 31 1)|(14 30 1)|(19 15 1)|(21 29 1)|(27 18 1)|
(2 9 1)|(28 3 1)|(0 24 1)|(1 25 1)|(8 22 1)|(12 31 1)|(20 23 1)|
(17 9 1)|(28 31 1)|
(31 17 0)|
(17 19 0)|(15 28 0)|(23 8 0)|(25 3 0)|(31 9 0)|
(22 15 0)|(23 9 0)|(0 17 0)|(10 3 0)|(4 5 0)|(16 1 0)|(18 20 0)|(31 7 0)|(2 19 0)|
(30 23 0)|(29 22 0)|(10 2 0)|(1 17 0)|(5 13 0)|(11 12 0)|(0 9 0)|(26 19 0)|(31 3 0)|(15 8 0)|(25 18 0)|(27 28 0)|
(13 29 0)|(7 23 0)|(9 25 0)|(21 5 0)|(27 11 0)|(15 31 0)|(19 3 0)|(22 30 0)|(28 20 0)|(24 1 0)|(12 4 0)|(14 6 0)|(10 26 0)|(18 2 0)|
(5 13 0)|(21 29 0)|(6 22 0)|(14 30 0)|(8 24 0)|(3 11 0)|(28 12 0)|(7 15 0)|(1 9 0)|(17 25 0)|(19 27 0)|(23 31 0)|(20 4 0)|(2 18 0)|(16 0 0)|(26 10 0)|
CNOT: 118, depth: 12 and cost function: origin occur in 0
