(9 5 1)|(10 6 1)|(8 4 1)|(11 7 1)|
(5 9 1)|(2 6 1)|(7 11 1)|(4 8 1)|
(6 2 1)|(4 12 1)|(5 13 1)|(7 15 1)|
(10 2 0)|(5 1 0)|(7 3 0)|(4 0 0)|
(1 5 0)|(14 2 0)|(3 7 0)|(0 4 0)|
(1 13 0)|(2 14 0)|(0 12 0)|(3 15 0)|
CNOT: 24, depth: 6 and cost function: origin occurs in 0
(8 4 1)|(11 7 1)|(10 6 1)|(9 5 1)|
(5 13 1)|(7 15 1)|(6 14 1)|(4 8 1)|
(5 9 1)|(7 11 1)|(4 12 1)|(6 10 1)|
(6 2 0)|(5 1 0)|(7 3 0)|(4 0 0)|
(1 5 0)|(3 7 0)|(2 6 0)|(0 4 0)|
(0 12 0)|(3 15 0)|(2 14 0)|(1 13 0)|
CNOT: 24, depth: 6 and cost function: origin occurs in 0
(9 5 1)|(10 6 1)|(8 4 1)|(11 7 1)|
(2 6 1)|(0 4 1)|(3 7 1)|(5 9 1)|
(6 2 1)|(4 0 1)|(7 3 1)|(5 13 1)|
(15 3 0)|(5 1 0)|(8 0 0)|(14 2 0)|
(10 2 0)|(12 0 0)|(11 3 0)|(1 5 0)|
(1 13 0)|(2 14 0)|(0 12 0)|(3 15 0)|
CNOT: 24, depth: 6 and cost function: origin occurs in 0
(9 5 1)|(8 4 1)|(10 6 1)|(11 7 1)|
(4 12 1)|(7 15 1)|(5 13 1)|(6 14 1)|
(7 11 1)|(4 8 1)|(6 10 1)|(5 9 1)|
(7 3 0)|(6 2 0)|(4 0 0)|(5 1 0)|
(0 4 0)|(3 7 0)|(1 5 0)|(2 6 0)|
(1 13 0)|(0 12 0)|(2 14 0)|(3 15 0)|
CNOT: 24, depth: 6 and cost function: origin occurs in 0
(9 5 1)|(11 7 1)|(8 4 1)|(10 6 1)|
(5 13 1)|(2 6 1)|(4 12 1)|(3 7 1)|
(7 3 1)|(4 8 1)|(5 9 1)|(6 2 1)|
(14 2 0)|(4 0 0)|(5 1 0)|(11 3 0)|
(1 5 0)|(10 2 0)|(0 4 0)|(15 3 0)|
(1 13 0)|(3 15 0)|(0 12 0)|(2 14 0)|
CNOT: 24, depth: 6 and cost function: origin occurs in 0
(9 5 1)|(11 7 1)|(10 6 1)|(8 4 1)|
(5 13 1)|(6 14 1)|(7 15 1)|(0 4 1)|
(5 9 1)|(4 0 1)|(7 11 1)|(6 10 1)|
(8 0 0)|(7 3 0)|(6 2 0)|(5 1 0)|
(1 5 0)|(2 6 0)|(3 7 0)|(12 0 0)|
(1 13 0)|(3 15 0)|(2 14 0)|(0 12 0)|
CNOT: 24, depth: 6 and cost function: origin occurs in 0
(11 7 1)|(8 4 1)|(9 5 1)|(10 6 1)|
(6 10 1)|(4 8 1)|(1 5 1)|(7 15 1)|
(5 1 1)|(4 12 1)|(7 11 1)|(6 14 1)|
(7 3 0)|(9 1 0)|(6 2 0)|(4 0 0)|
(2 6 0)|(0 4 0)|(13 1 0)|(3 7 0)|
(3 15 0)|(0 12 0)|(1 13 0)|(2 14 0)|
CNOT: 24, depth: 6 and cost function: origin occurs in 0
(10 6 1)|(8 4 1)|(9 5 1)|(11 7 1)|
(4 8 1)|(6 10 1)|(1 5 1)|(7 11 1)|
(6 14 1)|(7 15 1)|(5 1 1)|(4 12 1)|
(7 3 0)|(6 2 0)|(4 0 0)|(13 1 0)|
(0 4 0)|(2 6 0)|(9 1 0)|(3 7 0)|
(2 14 0)|(0 12 0)|(1 13 0)|(3 15 0)|
CNOT: 24, depth: 6 and cost function: origin occurs in 0
(10 6 1)|(11 7 1)|(9 5 1)|(8 4 1)|
(2 6 1)|(4 8 1)|(7 15 1)|(1 5 1)|
(7 11 1)|(6 2 1)|(4 12 1)|(5 1 1)|
(7 3 0)|(4 0 0)|(14 2 0)|(13 1 0)|
(10 2 0)|(0 4 0)|(3 7 0)|(9 1 0)|
(2 14 0)|(3 15 0)|(1 13 0)|(0 12 0)|
CNOT: 24, depth: 6 and cost function: origin occurs in 0
(11 7 1)|(9 5 1)|(10 6 1)|(8 4 1)|
(4 8 1)|(6 10 1)|(7 15 1)|(5 9 1)|
(5 13 1)|(6 14 1)|(4 12 1)|(7 11 1)|
(6 2 0)|(7 3 0)|(4 0 0)|(5 1 0)|
(0 4 0)|(2 6 0)|(3 7 0)|(1 5 0)|
(3 15 0)|(1 13 0)|(2 14 0)|(0 12 0)|
CNOT: 24, depth: 6 and cost function: origin occurs in 0
(11 7 1)|(9 5 1)|(10 6 1)|(8 4 1)|
(2 6 1)|(7 11 1)|(1 5 1)|(4 12 1)|
(5 1 1)|(6 2 1)|(4 8 1)|(7 15 1)|
(14 2 0)|(4 0 0)|(7 3 0)|(13 1 0)|
(10 2 0)|(3 7 0)|(9 1 0)|(0 4 0)|
(3 15 0)|(1 13 0)|(2 14 0)|(0 12 0)|
CNOT: 24, depth: 6 and cost function: origin occurs in 0
