(1 9 1)|(6 3 1)|(11 12 1)|(13 2 1)|(7 8 1)|(4 14 1)|
(1 11 1)|(3 9 1)|(12 6 1)|(10 7 1)|(8 5 1)|(2 15 1)|(0 13 1)|
(13 10 1)|(7 0 1)|(14 1 1)|(4 11 1)|(5 2 1)|(15 8 1)|
(2 13 1)|(15 10 1)|(12 11 1)|(6 1 1)|(8 7 1)|(3 14 1)|(9 4 1)|(5 0 1)|
(15 2 0)|(5 8 0)|(6 3 0)|(12 9 0)|(13 0 0)|(7 10 0)|
(4 14 0)|(1 11 0)|(3 9 0)|(8 15 0)|(0 7 0)|(10 13 0)|(2 5 0)|
(3 11 0)|(14 1 0)|(9 4 0)|(15 10 0)|(5 0 0)|(12 6 0)|
CNOT: 46, depth: 7 and cost function: origin occurs in 0
(6 14 1)|(12 9 1)|(3 4 1)|(8 0 1)|(2 15 1)|(5 10 1)|(7 13 1)|(1 11 1)|
(10 0 1)|(4 14 1)|(6 12 1)|(8 2 1)|(15 5 1)|(9 3 1)|
(0 7 1)|(5 8 1)|(14 9 1)|(4 11 1)|
(7 2 1)|(4 3 1)|(13 8 1)|(11 6 1)|(0 15 1)|(9 12 1)|(10 5 1)|(14 1 1)|
(2 15 0)|(13 10 0)|(12 1 0)|(6 3 0)|
(1 11 0)|(7 13 0)|(8 2 0)|(10 0 0)|(6 12 0)|(4 14 0)|
(4 12 0)|(14 1 0)|(11 6 0)|(10 2 0)|(0 7 0)|(13 8 0)|(9 3 0)|(15 5 0)|
CNOT: 44, depth: 7 and cost function: origin occurs in 0
(11 4 1)|(1 14 1)|(15 0 1)|(5 10 1)|
(14 9 1)|(11 6 1)|(2 5 1)|(8 15 1)|(4 3 1)|(1 12 1)|(10 13 1)|(0 7 1)|
(4 9 1)|(5 2 1)|(14 3 1)|(15 8 1)|(7 0 1)|(12 11 1)|(6 1 1)|(13 10 1)|
(14 1 1)|(10 5 1)|(13 8 1)|(9 12 1)|(4 11 1)|(3 6 1)|(0 15 1)|(7 2 1)|
(12 11 0)|(7 10 0)|(6 1 0)|(13 0 0)|(15 2 0)|(4 9 0)|(14 3 0)|(5 8 0)|
(12 1 0)|(3 4 0)|(10 7 0)|(0 13 0)|(6 11 0)|(9 14 0)|(8 5 0)|(2 15 0)|
(3 6 0)|(9 12 0)|(7 2 0)|(13 8 0)|
CNOT: 48, depth: 7 and cost function: origin occurs in 0
(2 7 1)|(8 13 1)|(3 4 1)|(9 14 1)|
(13 0 1)|(6 3 1)|(15 2 1)|(7 10 1)|(12 9 1)|(14 11 1)|(5 8 1)|(1 4 1)|
(11 1 1)|(10 7 1)|(4 14 1)|(0 13 1)|(8 5 1)|(2 15 1)|(12 3 1)|(9 6 1)|
(0 15 1)|(13 8 1)|(14 9 1)|(1 12 1)|(7 2 1)|(10 5 1)|(4 3 1)|(11 6 1)|
(12 6 0)|(2 5 0)|(9 3 0)|(8 15 0)|(10 13 0)|(0 7 0)|(4 1 0)|(11 14 0)|
(15 8 0)|(4 11 0)|(7 0 0)|(5 2 0)|(14 1 0)|(6 9 0)|(13 10 0)|(3 12 0)|
(0 15 0)|(10 5 0)|(11 6 0)|(1 12 0)|
CNOT: 48, depth: 7 and cost function: origin occurs in 0
(14 3 1)|(4 9 1)|(2 7 1)|(8 13 1)|
(7 0 1)|(11 4 1)|(13 10 1)|(9 6 1)|(15 8 1)|(3 12 1)|(5 2 1)|(14 1 1)|
(1 11 1)|(4 14 1)|(0 13 1)|(10 7 1)|(12 9 1)|(3 6 1)|(2 15 1)|(8 5 1)|
(3 14 1)|(10 5 1)|(13 8 1)|(12 11 1)|(6 1 1)|(9 4 1)|(0 15 1)|(7 2 1)|
(12 6 0)|(3 9 0)|(8 15 0)|(2 5 0)|(4 11 0)|(1 14 0)|(0 7 0)|(10 13 0)|
(15 2 0)|(9 12 0)|(5 8 0)|(1 4 0)|(13 0 0)|(11 14 0)|(7 10 0)|(6 3 0)|
(12 11 0)|(6 1 0)|(10 5 0)|(0 15 0)|
CNOT: 48, depth: 7 and cost function: origin occurs in 0
(13 5 1)|(10 15 1)|(7 0 1)|(12 9 1)|(6 3 1)|(8 2 1)|
(15 5 1)|(13 7 1)|(0 10 1)|(3 14 1)|(1 12 1)|(11 6 1)|(9 4 1)|
(12 1 1)|(6 11 1)|(4 9 1)|(0 7 1)|(2 13 1)|(14 3 1)|
(8 7 1)|(10 13 1)|(9 12 1)|(4 11 1)|(15 2 1)|(5 0 1)|(3 6 1)|(14 1 1)|
(14 9 0)|(4 3 0)|(12 11 0)|(8 5 0)|(10 15 0)|(6 1 0)|
(8 2 0)|(13 7 0)|(15 5 0)|(1 6 0)|(9 14 0)|(3 4 0)|(11 12 0)|
(15 7 0)|(2 13 0)|(5 8 0)|(4 11 0)|(14 1 0)|(0 10 0)|
CNOT: 46, depth: 7 and cost function: origin occurs in 0
(15 7 1)|(8 13 1)|(5 2 1)|(9 6 1)|(3 12 1)|(10 0 1)|
(13 7 1)|(15 5 1)|(2 8 1)|(4 9 1)|(6 11 1)|(14 3 1)|(1 12 1)|
(9 14 1)|(4 3 1)|(13 0 1)|(7 2 1)|(12 6 1)|(11 1 1)|
(2 5 1)|(0 15 1)|(11 14 1)|(6 9 1)|(12 3 1)|(13 8 1)|(7 10 1)|(1 4 1)|
(11 6 0)|(12 1 0)|(15 8 0)|(5 10 0)|(9 3 0)|(4 14 0)|
(10 0 0)|(13 7 0)|(15 5 0)|(6 1 0)|(14 9 0)|(12 11 0)|(3 4 0)|
(13 5 0)|(0 15 0)|(7 10 0)|(1 4 0)|(11 14 0)|(2 8 0)|
CNOT: 46, depth: 7 and cost function: origin occurs in 0
(1 14 1)|(11 4 1)|(2 10 1)|(8 13 1)|(7 0 1)|(5 15 1)|
(2 8 1)|(0 10 1)|(13 7 1)|(12 11 1)|(4 3 1)|(14 9 1)|(6 1 1)|
(1 6 1)|(11 12 1)|(15 2 1)|(13 8 1)|(3 4 1)|(9 14 1)|
(9 12 1)|(4 11 1)|(14 1 1)|(10 13 1)|(0 15 1)|(3 6 1)|(5 8 1)|(7 2 1)|
(3 14 0)|(9 4 0)|(7 0 0)|(5 10 0)|(11 6 0)|(1 12 0)|
(5 15 0)|(0 10 0)|(2 8 0)|(4 9 0)|(6 11 0)|(12 1 0)|(14 3 0)|
(3 6 0)|(9 12 0)|(0 8 0)|(10 5 0)|(15 2 0)|(13 7 0)|
CNOT: 46, depth: 7 and cost function: origin occurs in 0
(4 9 1)|(14 3 1)|(15 7 1)|(5 2 1)|(8 13 1)|(10 0 1)|
(13 7 1)|(15 5 1)|(2 8 1)|(1 14 1)|(9 6 1)|(3 12 1)|(4 11 1)|
(11 1 1)|(14 4 1)|(13 8 1)|(7 10 1)|(9 12 1)|(6 3 1)|
(8 15 1)|(9 4 1)|(13 0 1)|(6 1 1)|(12 11 1)|(7 2 1)|(10 5 1)|(3 14 1)|
(6 12 0)|(9 3 0)|(15 0 0)|(5 2 0)|(11 4 0)|(14 1 0)|
(10 0 0)|(13 7 0)|(15 5 0)|(3 6 0)|(1 4 0)|(11 14 0)|(12 9 0)|
(6 1 0)|(12 11 0)|(13 5 0)|(7 10 0)|(0 15 0)|(2 8 0)|
CNOT: 46, depth: 7 and cost function: origin occurs in 0
