10, 2, 1
15, 11, 1
4, 0, 1
13, 1, 1
1, 5, 1
11, 7, 1
8, 4, 1
6, 10, 1
7, 15, 1
5, 13, 1
12, 4, 1
14, 10, 1
0, 8, 1
11, 3, 1
1, 9, 1
2, 6, 1
14, 2, 0
12, 0, 0
15, 3, 0
13, 9, 0
1, 13, 0
0, 4, 0
11, 15, 0
2, 10, 0
CNOT: 24
1, 13, 1
8, 0, 1
3, 7, 1
10, 6, 1
7, 15, 1
12, 8, 1
5, 1, 1
2, 10, 1
9, 1, 1
15, 3, 1
0, 12, 1
4, 8, 1
6, 2, 1
13, 5, 1
7, 11, 1
14, 10, 1
14, 6, 0
9, 13, 0
4, 0, 0
3, 11, 0
6, 10, 0
7, 3, 0
0, 8, 0
13, 1, 0
CNOT: 24
1, 5, 1
2, 14, 1
8, 0, 1
7, 11, 1
0, 4, 1
6, 2, 1
11, 3, 1
13, 1, 1
5, 13, 1
9, 1, 1
3, 7, 1
0, 12, 1
14, 6, 1
10, 2, 1
4, 8, 1
11, 15, 1
9, 5, 0
7, 15, 0
10, 14, 0
8, 12, 0
11, 7, 0
0, 8, 0
14, 2, 0
5, 1, 0
CNOT: 24
4, 12, 1
2, 14, 1
13, 1, 1
7, 11, 1
14, 6, 1
0, 4, 1
5, 13, 1
15, 7, 1
6, 2, 1
3, 7, 1
14, 10, 1
12, 0, 1
8, 4, 1
9, 13, 1
11, 15, 1
1, 5, 1
3, 11, 0
9, 1, 0
8, 12, 0
2, 10, 0
11, 7, 0
1, 13, 0
14, 2, 0
12, 4, 0
CNOT: 24
6, 10, 1
1, 5, 1
7, 3, 1
8, 0, 1
0, 4, 1
11, 7, 1
13, 1, 1
10, 2, 1
4, 8, 1
3, 11, 1
2, 6, 1
0, 12, 1
5, 13, 1
10, 14, 1
15, 7, 1
9, 1, 1
6, 14, 0
9, 5, 0
15, 3, 0
8, 12, 0
0, 8, 0
3, 7, 0
5, 1, 0
10, 6, 0
CNOT: 24
