(6 22 1)|(31 7 1)|(30 14 1)|(15 23 1)|(12 28 1)|(13 21 1)|(4 20 1)|(29 5 1)|(19 3 1)|(26 10 1)|(18 2 1)|(0 16 1)|(11 27 1)|(1 9 1)|(17 25 1)|(24 8 1)|
(5 21 1)|(23 7 1)|(29 13 1)|(11 19 1)|(3 27 1)|(1 17 1)|(25 16 1)|(31 15 1)|(22 6 1)|(2 26 1)|(20 28 1)|(4 12 1)|(9 8 1)|
(21 20 1)|(8 15 1)|(28 3 1)|(2 17 1)|(22 14 1)|(7 31 1)|(27 11 1)|(9 1 1)|(30 6 1)|(16 24 1)|(13 12 1)|(25 18 1)|
(7 22 1)|(16 15 1)|(20 19 1)|(9 24 1)|(3 26 1)|(14 12 1)|(18 1 1)|(17 0 1)|(21 29 1)|(28 31 1)|(25 8 1)|
(10 17 1)|(25 0 1)|(14 13 1)|(28 15 1)|(3 23 1)|(22 6 1)|(9 16 1)|(19 31 1)|
(20 23 1)|(0 31 1)|(27 15 1)|
(30 15 0)|(0 8 0)|(10 27 0)|(31 24 0)|(5 22 0)|(23 17 0)|
(6 15 0)|(23 16 0)|(25 10 0)|(0 27 0)|(30 14 0)|(1 26 0)|(29 22 0)|(11 12 0)|(4 28 0)|(31 3 0)|(18 19 0)|
(30 23 0)|(29 6 0)|(31 12 0)|(9 10 0)|(4 5 0)|(14 22 0)|(26 19 0)|(24 8 0)|(2 27 0)|(18 25 0)|
(13 29 0)|(7 23 0)|(15 31 0)|(19 11 0)|(21 5 0)|(17 1 0)|(27 3 0)|(28 20 0)|(24 25 0)|(6 30 0)|(12 4 0)|(18 2 0)|(0 16 0)|(26 10 0)|
(5 29 0)|(21 13 0)|(14 30 0)|(22 6 0)|(16 0 0)|(3 19 0)|(7 31 0)|(9 1 0)|(23 15 0)|(25 17 0)|(27 11 0)|(28 12 0)|(20 4 0)|(2 18 0)|(10 26 0)|(8 24 0)|
CNOT: 120, depth: 11 and cost function: origin occur in 0
(6 22 1)|(15 23 1)|(31 7 1)|(14 30 1)|(28 12 1)|(13 29 1)|(5 21 1)|(20 4 1)|(3 11 1)|(2 18 1)|(16 0 1)|(10 26 1)|(19 27 1)|(17 25 1)|(1 9 1)|(8 24 1)|
(7 23 1)|(13 5 1)|(21 12 1)|(1 17 1)|(11 27 1)|(19 3 1)|(9 0 1)|(31 15 1)|(26 2 1)|(6 14 1)|(24 8 1)|(20 28 1)|(22 30 1)|
(25 0 1)|(24 15 1)|(12 4 1)|(23 22 1)|(18 17 1)|(30 28 1)|(3 7 1)|(27 19 1)|(9 16 1)|(29 11 1)|(2 1 1)|(8 31 1)|(21 13 1)|
(12 11 1)|(25 9 1)|(21 4 1)|(29 28 1)|(10 1 1)|(17 16 1)|(0 7 1)|(27 18 1)|(22 5 1)|(30 6 1)|(23 31 1)|
(0 15 1)|(9 1 1)|(29 12 1)|(4 14 1)|(28 19 1)|(11 2 1)|(16 31 1)|(27 26 1)|
(26 7 1)|(29 21 1)|(27 17 1)|(4 20 1)|
(5 29 0)|(3 4 0)|(15 27 0)|(7 17 0)|
(14 15 0)|(7 12 0)|(1 3 0)|(25 26 0)|(20 21 0)|(16 27 0)|(8 0 0)|(10 11 0)|(31 28 0)|(24 9 0)|(13 29 0)|
(6 7 0)|(13 14 0)|(29 30 0)|(10 18 0)|(2 3 0)|(31 11 0)|(15 4 0)|(9 25 0)|(20 5 0)|(16 0 0)|(19 12 0)|(17 26 0)|
(29 13 0)|(23 7 0)|(17 1 0)|(3 19 0)|(15 31 0)|(27 11 0)|(14 6 0)|(28 20 0)|(30 22 0)|(21 5 0)|(8 25 0)|(10 26 0)|(2 18 0)|(4 12 0)|(16 24 0)|
(5 29 0)|(21 13 0)|(30 14 0)|(22 6 0)|(0 16 0)|(11 3 0)|(23 15 0)|(7 31 0)|(25 17 0)|(9 1 0)|(27 19 0)|(4 20 0)|(12 28 0)|(18 2 0)|(26 10 0)|(24 8 0)|
CNOT: 123, depth: 11 and cost function: origin occur in 0
(29 13 1)|(22 6 1)|(21 5 1)|(30 14 1)|(28 12 1)|(23 15 1)|(4 20 1)|(31 7 1)|(19 27 1)|(18 2 1)|(26 10 1)|(17 9 1)|(3 11 1)|(16 0 1)|(24 8 1)|(1 25 1)|
(15 7 1)|(3 19 1)|(5 13 1)|(29 21 1)|(1 17 1)|(27 11 1)|(31 23 1)|(2 10 1)|(9 25 1)|(28 4 1)|(14 6 1)|(26 18 1)|(12 20 1)|(22 30 1)|(0 8 1)|
(13 12 1)|(10 17 1)|(6 5 1)|(20 19 1)|(7 14 1)|(11 23 1)|(27 31 1)|(25 0 1)|(2 9 1)|(8 16 1)|(4 3 1)|
(8 23 1)|(11 9 1)|(20 15 1)|(12 27 1)|(5 4 1)|(16 31 1)|(13 29 1)|(6 22 1)|(25 1 1)|(19 18 1)|(10 26 1)|(14 21 1)|
(25 23 1)|(9 31 1)|(11 2 1)|(8 24 1)|(17 15 1)|
(19 15 1)|(17 23 1)|(20 31 1)|
(23 19 0)|(30 15 0)|
(15 0 0)|(31 7 0)|(30 23 0)|
(31 24 0)|(15 12 0)|(1 2 0)|(18 11 0)|(28 20 0)|(3 5 0)|(23 0 0)|
(22 15 0)|(29 30 0)|(25 9 0)|(31 4 0)|(28 21 0)|(26 27 0)|(24 17 0)|(1 18 0)|(3 11 0)|(23 12 0)|
(7 15 0)|(21 29 0)|(19 3 0)|(17 1 0)|(13 5 0)|(23 31 0)|(11 27 0)|(10 2 0)|(24 25 0)|(4 28 0)|(6 14 0)|(16 9 0)|(18 26 0)|(20 12 0)|(30 22 0)|(8 0 0)|
(5 21 0)|(13 29 0)|(14 30 0)|(6 22 0)|(0 16 0)|(27 19 0)|(9 17 0)|(12 28 0)|(7 31 0)|(2 18 0)|(15 23 0)|(20 4 0)|(11 3 0)|(25 1 0)|(8 24 0)|(10 26 0)|
CNOT: 116, depth: 12 and cost function: origin occur in 0
