(10 2 1)|(6 14 1)|(4 12 1)|(0 8 1)|
(8 13 1)|(2 7 1)|(9 6 1)|(3 4 1)|
(1 6 1)|(13 10 1)|(2 15 1)|(14 3 1)|(7 0 1)|(8 5 1)|(12 9 1)|(11 4 1)|
(10 5 0)|(0 15 0)|(1 12 0)|(11 14 0)|
(2 10 0)|(14 6 0)|(12 4 0)|(8 0 0)|
CNOT: 24, depth: 5 and cost function: square occurs in 0
(15 7 1)|(3 11 1)|(1 9 1)|(5 13 1)|
(8 5 1)|(12 1 1)|(13 2 1)|(14 3 1)|
(7 8 1)|(6 3 1)|(4 1 1)|(9 14 1)|(0 5 1)|(13 10 1)|(2 15 1)|(11 12 1)|
(0 7 0)|(4 11 0)|(15 10 0)|(6 9 0)|
(7 15 0)|(11 3 0)|(9 1 0)|(13 5 0)|
CNOT: 24, depth: 5 and cost function: square occurs in 0
(10 2 1)|(0 8 1)|(9 1 1)|(11 3 1)|
(3 12 1)|(13 10 1)|(15 0 1)|(14 11 1)|
(8 13 1)|(7 0 1)|(12 9 1)|(2 15 1)|(1 14 1)|(5 10 1)|(6 11 1)|(3 4 1)|
(9 4 0)|(5 8 0)|(7 2 0)|(6 1 0)|
(2 10 0)|(8 0 0)|(1 9 0)|(3 11 0)|
CNOT: 24, depth: 5 and cost function: square occurs in 0
(5 13 1)|(6 14 1)|(15 7 1)|(4 12 1)|
(11 4 1)|(0 5 1)|(13 10 1)|(9 6 1)|
(13 2 1)|(14 11 1)|(1 6 1)|(12 9 1)|(10 15 1)|(8 5 1)|(3 4 1)|(7 0 1)|
(3 14 0)|(8 7 0)|(15 2 0)|(1 12 0)|
(13 5 0)|(14 6 0)|(7 15 0)|(12 4 0)|
CNOT: 24, depth: 5 and cost function: square occurs in 0
(8 0 1)|(9 1 1)|(10 2 1)|(11 3 1)|
(0 13 1)|(3 4 1)|(7 8 1)|(1 6 1)|
(13 10 1)|(15 8 1)|(4 9 1)|(6 11 1)|(0 5 1)|(3 12 1)|(2 7 1)|(1 14 1)|
(10 5 0)|(9 12 0)|(15 2 0)|(11 14 0)|
(0 8 0)|(1 9 0)|(2 10 0)|(3 11 0)|
CNOT: 24, depth: 5 and cost function: square occurs in 0
(12 4 1)|(10 2 1)|(8 0 1)|(14 6 1)|
(7 8 1)|(6 11 1)|(0 5 1)|(4 1 1)|
(1 14 1)|(2 7 1)|(15 8 1)|(6 3 1)|(11 12 1)|(5 10 1)|(4 9 1)|(0 13 1)|
(15 2 0)|(12 3 0)|(10 13 0)|(14 9 0)|
(4 12 0)|(2 10 0)|(0 8 0)|(6 14 0)|
CNOT: 24, depth: 5 and cost function: square occurs in 0
(6 14 1)|(0 8 1)|(2 10 1)|(4 12 1)|
(8 5 1)|(14 3 1)|(10 7 1)|(12 1 1)|
(5 2 1)|(10 15 1)|(7 0 1)|(3 4 1)|(1 6 1)|(12 9 1)|(14 11 1)|(8 13 1)|
(2 13 0)|(4 11 0)|(0 15 0)|(6 9 0)|
(14 6 0)|(8 0 0)|(10 2 0)|(12 4 0)|
CNOT: 24, depth: 5 and cost function: square occurs in 0
(1 9 1)|(2 10 1)|(0 8 1)|(11 3 1)|
(10 7 1)|(3 4 1)|(5 2 1)|(6 11 1)|
(4 1 1)|(10 15 1)|(14 11 1)|(13 2 1)|(7 0 1)|(9 6 1)|(8 5 1)|(3 12 1)|
(0 15 0)|(1 12 0)|(13 8 0)|(14 9 0)|
(9 1 0)|(10 2 0)|(8 0 0)|(3 11 0)|
CNOT: 24, depth: 5 and cost function: square occurs in 0
(14 6 1)|(4 12 1)|(8 0 1)|(10 2 1)|
(2 7 1)|(11 4 1)|(0 13 1)|(1 14 1)|
(9 14 1)|(3 4 1)|(13 10 1)|(0 5 1)|(2 15 1)|(6 11 1)|(7 8 1)|(12 1 1)|
(8 15 0)|(3 6 0)|(10 5 0)|(9 12 0)|
(6 14 0)|(12 4 0)|(0 8 0)|(2 10 0)|
CNOT: 24, depth: 5 and cost function: square occurs in 0
