14, 30, 1
23, 31, 1
7, 15, 1
22, 6, 1
4, 20, 1
21, 5, 1
13, 29, 1
12, 28, 1
11, 19, 1
10, 26, 1
24, 8, 1
18, 2, 1
27, 3, 1
25, 1, 1
9, 17, 1
16, 0, 1
15, 31, 1
21, 13, 1
5, 29, 1
11, 27, 1
3, 19, 1
17, 8, 1
9, 25, 1
23, 7, 1
2, 18, 1
14, 22, 1
20, 28, 1
1, 0, 1
12, 4, 1
30, 6, 1
18, 10, 1
29, 20, 1
8, 7, 1
19, 2, 1
26, 25, 1
3, 23, 1
27, 15, 1
6, 5, 1
31, 30, 1
28, 12, 1
1, 9, 1
16, 24, 1
1, 8, 1
28, 27, 1
19, 26, 1
20, 15, 1
30, 13, 1
0, 16, 1
25, 23, 1
2, 10, 1
29, 21, 1
3, 18, 1
6, 14, 1
5, 4, 1
17, 23, 1
8, 15, 1
6, 13, 1
2, 16, 1
28, 22, 1
19, 7, 1
29, 4, 1
24, 23, 1
2, 25, 1
7, 0, 0
25, 19, 0
17, 2, 0
23, 31, 0
18, 20, 0
23, 8, 0
10, 27, 0
13, 5, 0
9, 17, 0
15, 25, 0
22, 7, 0
11, 4, 0
24, 16, 0
24, 25, 0
7, 28, 0
3, 20, 0
0, 2, 0
16, 8, 0
11, 19, 0
9, 10, 0
18, 26, 0
23, 4, 0
12, 13, 0
21, 22, 0
14, 15, 0
10, 18, 0
6, 30, 0
4, 12, 0
24, 8, 0
1, 2, 0
0, 17, 0
28, 20, 0
22, 14, 0
19, 3, 0
25, 9, 0
29, 13, 0
7, 23, 0
27, 11, 0
31, 15, 0
5, 21, 0
0, 16, 0
2, 18, 0
26, 10, 0
20, 4, 0
28, 12, 0
3, 27, 0
17, 9, 0
1, 25, 0
31, 23, 0
15, 7, 0
19, 11, 0
8, 24, 0
30, 14, 0
6, 22, 0
13, 5, 0
29, 21, 0
CNOT: 119
30, 14, 1
5, 21, 1
6, 22, 1
29, 13, 1
4, 20, 1
28, 12, 1
31, 23, 1
11, 27, 1
3, 19, 1
7, 15, 1
17, 1, 1
24, 8, 1
18, 26, 1
10, 2, 1
16, 0, 1
25, 9, 1
31, 7, 1
21, 13, 1
5, 29, 1
23, 15, 1
3, 11, 1
12, 20, 1
26, 2, 1
24, 16, 1
9, 0, 1
22, 14, 1
4, 28, 1
1, 8, 1
10, 18, 1
17, 25, 1
13, 12, 1
14, 21, 1
19, 7, 1
15, 22, 1
11, 31, 1
20, 27, 1
8, 23, 1
2, 10, 1
18, 25, 1
9, 1, 1
6, 5, 1
0, 24, 1
20, 19, 1
25, 31, 1
30, 5, 1
21, 28, 1
2, 9, 1
27, 23, 1
0, 7, 1
12, 11, 1
14, 6, 1
8, 24, 1
1, 17, 1
22, 29, 1
23, 7, 1
15, 31, 1
26, 25, 1
27, 3, 1
19, 18, 1
12, 23, 1
20, 31, 1
31, 28, 0
23, 2, 0
25, 19, 0
5, 7, 0
7, 23, 0
25, 27, 0
4, 20, 0
3, 19, 0
0, 2, 0
16, 9, 0
30, 14, 0
24, 1, 0
31, 26, 0
26, 27, 0
8, 2, 0
1, 9, 0
5, 13, 0
3, 28, 0
10, 11, 0
4, 29, 0
17, 18, 0
31, 16, 0
6, 7, 0
24, 25, 0
30, 23, 0
8, 9, 0
0, 1, 0
25, 17, 0
18, 10, 0
28, 4, 0
14, 22, 0
20, 12, 0
2, 26, 0
16, 24, 0
13, 21, 0
11, 3, 0
15, 23, 0
7, 31, 0
29, 5, 0
0, 16, 0
9, 25, 0
19, 3, 0
27, 11, 0
1, 17, 0
2, 10, 0
8, 24, 0
15, 7, 0
26, 18, 0
12, 28, 0
20, 4, 0
23, 31, 0
22, 6, 0
14, 30, 0
21, 5, 0
13, 29, 0
CNOT: 116
6, 22, 1
31, 7, 1
15, 23, 1
14, 30, 1
28, 12, 1
13, 29, 1
4, 20, 1
3, 19, 1
10, 26, 1
17, 25, 1
9, 1, 1
16, 0, 1
2, 18, 1
21, 5, 1
11, 27, 1
24, 8, 1
7, 23, 1
29, 5, 1
13, 21, 1
3, 11, 1
12, 20, 1
9, 17, 1
27, 19, 1
31, 15, 1
25, 0, 1
6, 14, 1
10, 2, 1
22, 30, 1
4, 28, 1
1, 8, 1
18, 26, 1
5, 12, 1
30, 29, 1
8, 15, 1
19, 18, 1
23, 22, 1
0, 7, 1
11, 31, 1
26, 10, 1
17, 16, 1
1, 9, 1
20, 4, 1
27, 2, 1
0, 15, 1
26, 7, 1
18, 16, 1
5, 4, 1
30, 6, 1
25, 8, 1
19, 3, 1
24, 31, 1
12, 11, 1
29, 28, 1
22, 21, 1
20, 2, 1
20, 31, 1
12, 7, 1
19, 14, 1
5, 28, 1
27, 7, 1
19, 31, 1
7, 19, 0
31, 16, 0
15, 20, 0
9, 25, 0
0, 1, 0
13, 5, 0
7, 17, 0
26, 18, 0
14, 15, 0
24, 8, 0
31, 28, 0
15, 19, 0
17, 18, 0
16, 8, 0
31, 23, 0
27, 20, 0
4, 21, 0
10, 11, 0
24, 0, 0
9, 2, 0
3, 28, 0
13, 14, 0
25, 26, 0
6, 7, 0
1, 26, 0
16, 0, 0
28, 4, 0
30, 22, 0
24, 25, 0
2, 10, 0
20, 12, 0
5, 21, 0
14, 6, 0
19, 27, 0
17, 9, 0
11, 3, 0
15, 31, 0
23, 7, 0
29, 13, 0
8, 24, 0
18, 2, 0
27, 11, 0
1, 9, 0
12, 28, 0
23, 15, 0
20, 4, 0
7, 31, 0
26, 10, 0
25, 17, 0
19, 3, 0
0, 16, 0
30, 14, 0
22, 6, 0
21, 13, 0
5, 29, 0
CNOT: 116
14, 30, 1
15, 7, 1
22, 6, 1
31, 23, 1
4, 20, 1
13, 5, 1
12, 28, 1
29, 21, 1
2, 18, 1
1, 25, 1
27, 19, 1
9, 17, 1
8, 24, 1
11, 3, 1
26, 10, 1
0, 16, 1
5, 21, 1
7, 23, 1
13, 29, 1
9, 1, 1
3, 19, 1
11, 27, 1
15, 31, 1
10, 26, 1
25, 16, 1
6, 22, 1
12, 4, 1
17, 24, 1
28, 20, 1
0, 8, 1
21, 28, 1
19, 18, 1
20, 27, 1
6, 29, 1
17, 9, 1
16, 31, 1
10, 1, 1
23, 15, 1
25, 8, 1
14, 22, 1
24, 7, 1
30, 5, 1
26, 2, 1
30, 29, 1
24, 31, 1
18, 8, 1
17, 16, 1
23, 6, 1
19, 1, 1
28, 3, 1
21, 13, 1
20, 22, 1
27, 2, 1
18, 24, 1
23, 14, 1
6, 22, 1
8, 15, 1
29, 4, 1
28, 7, 1
19, 31, 1
18, 2, 1
1, 7, 1
14, 30, 0
13, 6, 0
7, 18, 0
14, 6, 0
12, 20, 0
5, 23, 0
0, 16, 0
26, 3, 0
25, 18, 0
11, 19, 0
7, 27, 0
15, 4, 0
22, 31, 0
9, 2, 0
9, 25, 0
31, 20, 0
2, 26, 0
30, 23, 0
10, 19, 0
15, 3, 0
0, 24, 0
17, 18, 0
12, 5, 0
11, 4, 0
8, 1, 0
13, 22, 0
14, 7, 0
2, 10, 0
24, 25, 0
8, 0, 0
26, 18, 0
20, 28, 0
22, 14, 0
4, 12, 0
19, 3, 0
31, 15, 0
21, 5, 0
27, 11, 0
1, 9, 0
29, 13, 0
23, 7, 0
16, 0, 0
10, 26, 0
20, 4, 0
25, 1, 0
28, 12, 0
23, 31, 0
17, 9, 0
18, 2, 0
7, 15, 0
19, 27, 0
3, 11, 0
24, 8, 0
6, 22, 0
30, 14, 0
5, 13, 0
21, 29, 0
CNOT: 119
6, 22, 1
31, 23, 1
7, 15, 1
30, 14, 1
12, 28, 1
5, 21, 1
13, 29, 1
11, 27, 1
19, 3, 1
20, 4, 1
24, 8, 1
17, 9, 1
18, 2, 1
26, 10, 1
25, 1, 1
0, 16, 1
23, 15, 1
5, 13, 1
25, 17, 1
27, 3, 1
21, 29, 1
19, 11, 1
31, 7, 1
1, 8, 1
2, 10, 1
16, 0, 1
12, 20, 1
14, 22, 1
18, 26, 1
4, 28, 1
30, 6, 1
9, 24, 1
3, 2, 1
29, 4, 1
15, 14, 1
10, 17, 1
22, 21, 1
27, 31, 1
16, 7, 1
28, 12, 1
8, 23, 1
1, 25, 1
3, 7, 1
9, 25, 1
11, 31, 1
21, 20, 1
2, 1, 1
14, 13, 1
22, 30, 1
10, 18, 1
17, 23, 1
29, 5, 1
8, 24, 1
28, 27, 1
4, 23, 1
8, 0, 1
2, 31, 1
28, 6, 1
9, 7, 1
23, 6, 1
0, 31, 1
17, 7, 1
2, 9, 1
17, 2, 0
7, 4, 0
31, 24, 0
23, 27, 0
23, 28, 0
0, 2, 0
16, 1, 0
11, 4, 0
19, 3, 0
12, 13, 0
31, 20, 0
6, 7, 0
26, 27, 0
16, 9, 0
7, 27, 0
31, 15, 0
8, 2, 0
18, 11, 0
19, 20, 0
24, 17, 0
21, 13, 0
25, 26, 0
30, 23, 0
5, 6, 0
8, 9, 0
28, 4, 0
6, 30, 0
26, 18, 0
24, 16, 0
22, 14, 0
20, 12, 0
10, 2, 0
7, 31, 0
29, 21, 0
11, 19, 0
3, 27, 0
17, 25, 0
15, 23, 0
13, 5, 0
16, 0, 0
10, 26, 0
3, 19, 0
27, 11, 0
1, 25, 0
4, 20, 0
9, 17, 0
2, 18, 0
15, 7, 0
23, 31, 0
28, 12, 0
8, 24, 0
22, 6, 0
14, 30, 0
21, 13, 0
29, 5, 0
CNOT: 118
14, 30, 1
15, 7, 1
20, 4, 1
23, 31, 1
22, 6, 1
21, 5, 1
13, 29, 1
28, 12, 1
11, 19, 1
18, 2, 1
10, 26, 1
9, 1, 1
27, 3, 1
17, 25, 1
8, 24, 1
16, 0, 1
7, 31, 1
21, 13, 1
29, 5, 1
27, 11, 1
19, 3, 1
17, 9, 1
23, 15, 1
1, 24, 1
26, 2, 1
8, 16, 1
25, 0, 1
20, 28, 1
6, 30, 1
4, 12, 1
18, 10, 1
14, 22, 1
3, 26, 1
5, 4, 1
31, 6, 1
2, 9, 1
30, 29, 1
19, 23, 1
12, 11, 1
24, 7, 1
0, 15, 1
1, 16, 1
25, 17, 1
13, 20, 1
28, 27, 1
25, 24, 1
1, 17, 1
12, 7, 1
16, 23, 1
3, 15, 1
6, 20, 1
29, 28, 1
26, 0, 1
30, 14, 1
5, 21, 1
4, 19, 1
11, 10, 1
2, 18, 1
12, 23, 1
26, 25, 1
7, 22, 1
9, 7, 1
15, 22, 1
15, 9, 0
23, 26, 0
7, 11, 0
15, 11, 0
10, 3, 0
8, 24, 0
16, 9, 0
27, 29, 0
23, 31, 0
13, 6, 0
1, 26, 0
7, 4, 0
15, 4, 0
27, 3, 0
20, 12, 0
9, 26, 0
23, 28, 0
8, 0, 0
18, 19, 0
29, 13, 0
17, 10, 0
21, 22, 0
14, 7, 0
22, 14, 0
10, 18, 0
12, 4, 0
0, 1, 0
30, 6, 0
28, 20, 0
16, 8, 0
2, 26, 0
3, 19, 0
15, 23, 0
9, 17, 0
5, 29, 0
11, 27, 0
31, 7, 0
13, 21, 0
2, 18, 0
25, 17, 0
7, 15, 0
3, 27, 0
26, 10, 0
4, 20, 0
31, 23, 0
12, 28, 0
0, 16, 0
1, 9, 0
19, 11, 0
24, 8, 0
30, 14, 0
6, 22, 0
29, 21, 0
5, 13, 0
CNOT: 117
6, 22, 1
31, 23, 1
30, 14, 1
15, 7, 1
12, 28, 1
5, 21, 1
13, 29, 1
11, 3, 1
18, 2, 1
10, 26, 1
27, 19, 1
24, 8, 1
20, 4, 1
16, 0, 1
25, 1, 1
17, 9, 1
23, 7, 1
25, 17, 1
29, 21, 1
19, 3, 1
31, 15, 1
13, 5, 1
9, 1, 1
30, 6, 1
4, 11, 1
8, 0, 1
26, 10, 1
22, 14, 1
20, 12, 1
2, 27, 1
24, 16, 1
26, 17, 1
7, 22, 1
29, 5, 1
11, 27, 1
1, 15, 1
4, 20, 1
21, 19, 1
14, 13, 1
0, 24, 1
18, 25, 1
8, 23, 1
2, 9, 1
2, 27, 1
17, 9, 1
14, 29, 1
12, 11, 1
4, 15, 1
22, 13, 1
0, 6, 1
5, 20, 1
21, 23, 1
7, 31, 1
10, 25, 1
19, 18, 1
7, 6, 1
27, 23, 1
3, 15, 1
1, 25, 1
21, 4, 1
29, 31, 1
28, 19, 1
3, 11, 1
28, 12, 1
19, 31, 1
31, 12, 0
23, 9, 0
18, 27, 0
15, 28, 0
17, 3, 0
12, 29, 0
27, 28, 0
30, 14, 0
16, 9, 0
13, 21, 0
20, 22, 0
2, 3, 0
23, 1, 0
31, 17, 0
6, 15, 0
18, 2, 0
15, 0, 0
5, 22, 0
11, 29, 0
8, 1, 0
26, 3, 0
25, 27, 0
10, 19, 0
31, 16, 0
24, 17, 0
28, 21, 0
13, 6, 0
12, 20, 0
30, 23, 0
16, 24, 0
14, 22, 0
18, 26, 0
10, 2, 0
20, 28, 0
0, 8, 0
27, 11, 0
6, 30, 0
1, 17, 0
3, 19, 0
15, 31, 0
21, 5, 0
9, 25, 0
7, 23, 0
29, 13, 0
0, 16, 0
26, 10, 0
2, 18, 0
4, 20, 0
19, 27, 0
7, 15, 0
23, 31, 0
17, 25, 0
1, 9, 0
3, 11, 0
28, 12, 0
8, 24, 0
22, 6, 0
14, 30, 0
5, 29, 0
21, 13, 0
CNOT: 125
14, 30, 1
15, 23, 1
7, 31, 1
22, 6, 1
4, 20, 1
29, 13, 1
5, 21, 1
11, 27, 1
3, 19, 1
28, 12, 1
0, 16, 1
2, 26, 1
25, 9, 1
10, 18, 1
24, 8, 1
1, 17, 1
29, 5, 1
31, 23, 1
7, 15, 1
21, 13, 1
3, 11, 1
26, 18, 1
0, 24, 1
20, 27, 1
10, 25, 1
30, 22, 1
9, 16, 1
17, 8, 1
12, 19, 1
4, 28, 1
20, 19, 1
18, 8, 1
16, 31, 1
30, 21, 1
12, 27, 1
14, 29, 1
11, 10, 1
17, 1, 1
23, 7, 1
25, 0, 1
13, 12, 1
27, 15, 1
2, 25, 1
19, 1, 1
23, 6, 1
17, 16, 1
8, 0, 1
5, 21, 1
24, 7, 1
22, 29, 1
18, 10, 1
20, 31, 1
27, 2, 1
8, 15, 1
6, 5, 1
17, 0, 1
23, 28, 1
26, 7, 1
13, 20, 1
18, 31, 1
12, 29, 1
19, 3, 1
9, 1, 1
21, 28, 1
12, 4, 1
1, 7, 1
19, 31, 1
9, 25, 1
7, 25, 0
11, 12, 0
0, 2, 0
29, 15, 0
17, 18, 0
31, 13, 0
28, 5, 0
21, 23, 0
15, 12, 0
2, 18, 0
1, 26, 0
14, 6, 0
0, 16, 0
4, 20, 0
7, 11, 0
25, 27, 0
3, 28, 0
29, 31, 0
26, 19, 0
30, 23, 0
29, 13, 0
9, 18, 0
3, 27, 0
2, 11, 0
24, 17, 0
4, 5, 0
22, 31, 0
14, 15, 0
7, 28, 0
0, 1, 0
25, 17, 0
10, 12, 0
8, 9, 0
14, 30, 0
22, 6, 0
28, 4, 0
24, 0, 0
18, 26, 0
13, 21, 0
11, 3, 0
15, 7, 0
23, 31, 0
5, 29, 0
27, 11, 0
17, 1, 0
8, 24, 0
18, 10, 0
9, 25, 0
12, 28, 0
19, 3, 0
31, 7, 0
23, 15, 0
26, 2, 0
20, 4, 0
16, 0, 0
6, 22, 0
30, 14, 0
13, 5, 0
21, 29, 0
CNOT: 127
15, 23, 1
14, 30, 1
4, 20, 1
7, 31, 1
22, 6, 1
29, 13, 1
5, 21, 1
11, 19, 1
3, 27, 1
1, 25, 1
10, 26, 1
2, 18, 1
0, 16, 1
28, 12, 1
9, 17, 1
8, 24, 1
31, 23, 1
29, 5, 1
21, 13, 1
3, 11, 1
9, 1, 1
27, 19, 1
15, 7, 1
25, 16, 1
30, 22, 1
18, 26, 1
4, 28, 1
0, 8, 1
17, 24, 1
19, 18, 1
26, 1, 1
23, 6, 1
13, 20, 1
30, 21, 1
16, 31, 1
11, 15, 1
14, 29, 1
27, 2, 1
25, 8, 1
24, 7, 1
5, 4, 1
17, 9, 1
13, 12, 1
6, 21, 1
17, 16, 1
20, 2, 1
25, 9, 1
19, 31, 1
11, 7, 1
18, 24, 1
1, 8, 1
26, 10, 1
22, 29, 1
28, 15, 1
12, 11, 1
21, 15, 1
20, 7, 1
18, 17, 1
6, 4, 1
2, 9, 1
31, 29, 1
7, 29, 1
11, 31, 1
1, 15, 1
29, 11, 0
25, 18, 0
5, 6, 0
21, 23, 0
31, 1, 0
7, 27, 0
31, 27, 0
7, 1, 0
9, 26, 0
4, 20, 0
0, 16, 0
14, 6, 0
28, 21, 0
3, 19, 0
15, 18, 0
29, 13, 0
10, 11, 0
2, 26, 0
15, 8, 0
21, 5, 0
27, 20, 0
30, 23, 0
1, 18, 0
4, 12, 0
0, 24, 0
9, 10, 0
3, 28, 0
14, 7, 0
22, 31, 0
14, 30, 0
24, 25, 0
22, 6, 0
8, 0, 0
28, 4, 0
26, 18, 0
19, 27, 0
7, 15, 0
1, 9, 0
13, 21, 0
11, 3, 0
23, 31, 0
5, 29, 0
24, 8, 0
17, 9, 0
18, 2, 0
12, 28, 0
23, 15, 0
31, 7, 0
19, 11, 0
27, 3, 0
26, 10, 0
25, 1, 0
20, 4, 0
16, 0, 0
30, 14, 0
6, 22, 0
21, 29, 0
13, 5, 0
CNOT: 122
15, 23, 1
14, 30, 1
22, 6, 1
31, 7, 1
20, 4, 1
21, 5, 1
13, 29, 1
27, 11, 1
19, 3, 1
28, 12, 1
17, 9, 1
25, 1, 1
18, 10, 1
16, 0, 1
2, 26, 1
24, 8, 1
7, 23, 1
31, 15, 1
13, 21, 1
29, 5, 1
27, 19, 1
2, 18, 1
3, 11, 1
12, 4, 1
9, 0, 1
22, 14, 1
26, 25, 1
10, 17, 1
16, 24, 1
1, 8, 1
28, 20, 1
30, 6, 1
11, 18, 1
17, 25, 1
5, 12, 1
23, 30, 1
29, 21, 1
4, 3, 1
10, 26, 1
0, 15, 1
6, 22, 1
9, 24, 1
8, 16, 1
19, 31, 1
20, 27, 1
6, 29, 1
18, 1, 1
0, 16, 1
3, 17, 1
12, 31, 1
5, 13, 1
26, 2, 1
4, 14, 1
11, 15, 1
30, 21, 1
23, 22, 1
25, 7, 1
0, 7, 1
29, 20, 1
18, 25, 1
23, 14, 1
8, 15, 1
4, 28, 1
30, 13, 1
18, 24, 1
3, 7, 1
0, 18, 0
31, 23, 0
7, 12, 0
17, 1, 0
2, 3, 0
13, 6, 0
19, 12, 0
7, 4, 0
9, 18, 0
27, 29, 0
31, 24, 0
14, 15, 0
17, 9, 0
15, 4, 0
10, 3, 0
27, 11, 0
8, 18, 0
24, 25, 0
2, 19, 0
16, 1, 0
28, 21, 0
31, 20, 0
13, 14, 0
22, 7, 0
0, 1, 0
26, 10, 0
8, 9, 0
6, 30, 0
20, 28, 0
24, 16, 0
25, 17, 0
4, 12, 0
11, 3, 0
14, 22, 0
18, 2, 0
5, 21, 0
19, 27, 0
15, 31, 0
23, 7, 0
29, 13, 0
1, 25, 0
26, 2, 0
9, 17, 0
11, 27, 0
7, 31, 0
3, 19, 0
8, 24, 0
12, 28, 0
10, 18, 0
23, 15, 0
4, 20, 0
0, 16, 0
6, 22, 0
30, 14, 0
5, 13, 0
21, 29, 0
CNOT: 122
6, 22, 1
15, 7, 1
31, 23, 1
14, 30, 1
12, 28, 1
13, 29, 1
21, 5, 1
19, 3, 1
11, 27, 1
17, 9, 1
25, 1, 1
18, 2, 1
20, 4, 1
24, 8, 1
10, 26, 1
16, 0, 1
7, 23, 1
13, 21, 1
29, 5, 1
31, 15, 1
3, 27, 1
17, 25, 1
19, 11, 1
9, 0, 1
6, 14, 1
4, 28, 1
18, 10, 1
1, 8, 1
22, 30, 1
20, 12, 1
5, 4, 1
30, 29, 1
0, 15, 1
27, 8, 1
23, 22, 1
3, 7, 1
11, 31, 1
26, 25, 1
9, 17, 1
28, 20, 1
2, 24, 1
8, 15, 1
9, 24, 1
5, 12, 1
25, 7, 1
16, 31, 1
28, 10, 1
4, 11, 1
1, 0, 1
30, 6, 1
27, 19, 1
22, 21, 1
26, 18, 1
2, 8, 1
28, 15, 1
24, 31, 1
27, 26, 1
29, 12, 1
18, 2, 0
14, 15, 0
7, 8, 0
31, 3, 0
31, 23, 0
7, 4, 0
17, 1, 0
2, 27, 0
10, 3, 0
13, 5, 0
6, 15, 0
24, 25, 0
19, 12, 0
16, 8, 0
24, 8, 0
3, 28, 0
9, 2, 0
18, 11, 0
20, 21, 0
25, 27, 0
17, 10, 0
31, 12, 0
16, 0, 0
6, 7, 0
13, 14, 0
8, 9, 0
1, 2, 0
24, 0, 0
12, 20, 0
30, 22, 0
10, 18, 0
28, 4, 0
14, 6, 0
5, 21, 0
11, 19, 0
27, 3, 0
25, 17, 0
15, 31, 0
23, 7, 0
29, 13, 0
0, 16, 0
9, 17, 0
26, 10, 0
1, 25, 0
3, 19, 0
7, 15, 0
4, 20, 0
27, 11, 0
23, 31, 0
2, 18, 0
28, 12, 0
8, 24, 0
30, 14, 0
22, 6, 0
5, 29, 0
21, 13, 0
CNOT: 114
22, 6, 1
31, 23, 1
15, 7, 1
30, 14, 1
12, 28, 1
29, 13, 1
20, 4, 1
5, 21, 1
18, 2, 1
11, 3, 1
17, 9, 1
25, 1, 1
19, 27, 1
24, 8, 1
26, 10, 1
0, 16, 1
23, 7, 1
13, 21, 1
29, 5, 1
25, 17, 1
19, 11, 1
27, 3, 1
31, 15, 1
1, 8, 1
30, 22, 1
4, 28, 1
9, 16, 1
6, 14, 1
20, 12, 1
18, 26, 1
2, 0, 1
21, 4, 1
8, 15, 1
14, 13, 1
27, 31, 1
7, 6, 1
16, 0, 1
11, 23, 1
1, 25, 1
3, 19, 1
28, 20, 1
10, 17, 1
2, 18, 1
3, 0, 1
8, 23, 1
13, 12, 1
14, 30, 1
9, 25, 1
28, 15, 1
21, 20, 1
6, 5, 1
24, 31, 1
10, 18, 1
4, 11, 1
27, 26, 1
17, 23, 1
4, 27, 1
9, 8, 1
3, 15, 1
0, 31, 1
11, 26, 1
21, 12, 1
15, 16, 0
17, 3, 0
26, 4, 0
23, 2, 0
2, 3, 0
29, 21, 0
31, 7, 0
26, 28, 0
23, 27, 0
24, 8, 0
19, 12, 0
22, 15, 0
10, 3, 0
27, 28, 0
20, 5, 0
18, 11, 0
16, 1, 0
9, 2, 0
31, 12, 0
24, 17, 0
25, 26, 0
29, 22, 0
30, 23, 0
1, 2, 0
0, 8, 0
26, 18, 0
12, 20, 0
14, 6, 0
28, 4, 0
24, 16, 0
22, 30, 0
21, 5, 0
3, 27, 0
15, 31, 0
11, 19, 0
17, 25, 0
7, 23, 0
13, 29, 0
16, 0, 0
4, 20, 0
10, 26, 0
7, 15, 0
9, 17, 0
27, 19, 0
1, 25, 0
2, 18, 0
23, 31, 0
28, 12, 0
3, 11, 0
8, 24, 0
14, 30, 0
6, 22, 0
5, 29, 0
21, 13, 0
CNOT: 116
31, 7, 1
6, 22, 1
30, 14, 1
15, 23, 1
12, 28, 1
5, 21, 1
20, 4, 1
29, 13, 1
19, 3, 1
26, 10, 1
18, 2, 1
0, 16, 1
27, 11, 1
1, 9, 1
17, 25, 1
8, 24, 1
7, 23, 1
13, 21, 1
29, 5, 1
3, 11, 1
15, 31, 1
25, 9, 1
28, 4, 1
6, 30, 1
19, 27, 1
2, 1, 1
26, 18, 1
16, 24, 1
22, 14, 1
20, 12, 1
10, 17, 1
8, 0, 1
1, 17, 1
23, 22, 1
14, 13, 1
21, 28, 1
4, 3, 1
24, 31, 1
9, 16, 1
27, 15, 1
11, 19, 1
10, 25, 1
2, 26, 1
10, 26, 1
3, 18, 1
17, 0, 1
25, 15, 1
14, 6, 1
4, 20, 1
21, 12, 1
23, 30, 1
28, 27, 1
22, 5, 1
16, 7, 1
24, 8, 1
11, 31, 1
9, 1, 1
0, 15, 1
11, 25, 1
21, 29, 1
17, 7, 1
4, 31, 1
13, 12, 1
4, 7, 1
15, 23, 0
2, 11, 0
31, 9, 0
7, 3, 0
1, 18, 0
8, 9, 0
20, 21, 0
7, 28, 0
29, 22, 0
10, 11, 0
15, 12, 0
30, 31, 0
15, 4, 0
26, 27, 0
20, 5, 0
18, 11, 0
0, 9, 0
8, 25, 0
19, 12, 0
29, 30, 0
6, 7, 0
0, 8, 0
12, 20, 0
14, 22, 0
24, 16, 0
18, 26, 0
21, 5, 0
4, 28, 0
17, 1, 0
27, 19, 0
30, 6, 0
9, 25, 0
11, 3, 0
31, 15, 0
23, 7, 0
13, 29, 0
24, 8, 0
2, 18, 0
10, 26, 0
28, 12, 0
11, 27, 0
4, 20, 0
25, 17, 0
23, 15, 0
9, 1, 0
7, 31, 0
3, 19, 0
16, 0, 0
22, 6, 0
14, 30, 0
21, 13, 0
5, 29, 0
CNOT: 116
22, 6, 1
23, 15, 1
7, 31, 1
30, 14, 1
28, 12, 1
29, 13, 1
5, 21, 1
20, 4, 1
19, 11, 1
26, 10, 1
9, 1, 1
17, 25, 1
16, 0, 1
3, 27, 1
2, 18, 1
8, 24, 1
21, 13, 1
31, 15, 1
17, 9, 1
27, 11, 1
5, 29, 1
23, 7, 1
3, 19, 1
4, 20, 1
1, 24, 1
6, 22, 1
25, 0, 1
10, 18, 1
8, 16, 1
2, 26, 1
14, 28, 1
11, 10, 1
15, 6, 1
24, 7, 1
21, 28, 1
22, 30, 1
12, 19, 1
18, 9, 1
27, 23, 1
25, 17, 1
1, 16, 1
13, 5, 1
0, 8, 1
29, 20, 1
4, 26, 1
29, 28, 1
1, 17, 1
6, 20, 1
15, 14, 1
10, 16, 1
0, 7, 1
19, 26, 1
25, 24, 1
11, 3, 1
18, 2, 1
13, 12, 1
9, 31, 1
28, 23, 1
0, 31, 1
13, 4, 1
6, 30, 1
10, 9, 1
11, 7, 1
10, 1, 1
16, 23, 1
12, 7, 1
21, 6, 0
19, 13, 0
28, 15, 0
23, 20, 0
0, 10, 0
7, 4, 0
22, 14, 0
17, 18, 0
8, 10, 0
5, 6, 0
23, 12, 0
3, 28, 0
31, 19, 0
27, 4, 0
30, 7, 0
19, 4, 0
18, 10, 0
3, 20, 0
16, 9, 0
23, 11, 0
29, 6, 0
28, 12, 0
8, 24, 0
21, 14, 0
2, 27, 0
17, 26, 0
5, 30, 0
22, 31, 0
28, 4, 0
30, 22, 0
26, 2, 0
0, 1, 0
20, 12, 0
16, 8, 0
25, 10, 0
19, 3, 0
13, 29, 0
11, 27, 0
7, 23, 0
9, 17, 0
15, 31, 0
21, 5, 0
24, 8, 0
18, 2, 0
1, 9, 0
12, 28, 0
27, 3, 0
25, 17, 0
31, 7, 0
4, 20, 0
10, 26, 0
15, 23, 0
11, 19, 0
0, 16, 0
14, 30, 0
6, 22, 0
13, 21, 0
29, 5, 0
CNOT: 124
22, 6, 1
15, 7, 1
23, 31, 1
28, 12, 1
14, 30, 1
21, 5, 1
29, 13, 1
27, 11, 1
3, 19, 1
4, 20, 1
8, 24, 1
1, 25, 1
2, 18, 1
10, 26, 1
9, 17, 1
0, 16, 1
7, 31, 1
21, 29, 1
9, 1, 1
15, 23, 1
11, 19, 1
5, 13, 1
3, 27, 1
25, 16, 1
18, 26, 1
0, 8, 1
17, 24, 1
28, 4, 1
30, 6, 1
2, 10, 1
20, 12, 1
14, 22, 1
19, 18, 1
13, 20, 1
26, 1, 1
31, 30, 1
6, 5, 1
16, 23, 1
27, 15, 1
12, 28, 1
25, 8, 1
11, 7, 1
17, 9, 1
17, 16, 1
24, 7, 1
5, 4, 1
8, 15, 1
30, 29, 1
19, 23, 1
12, 11, 1
25, 9, 1
20, 27, 1
13, 21, 1
6, 14, 1
26, 2, 1
11, 15, 1
18, 25, 1
1, 7, 1
1, 23, 1
7, 22, 1
18, 15, 1
22, 23, 0
10, 11, 0
24, 18, 0
15, 4, 0
7, 20, 0
23, 20, 0
8, 1, 0
0, 16, 0
3, 19, 0
28, 29, 0
22, 11, 0
17, 18, 0
15, 12, 0
15, 31, 0
1, 18, 0
23, 11, 0
0, 24, 0
3, 4, 0
2, 27, 0
5, 29, 0
9, 10, 0
14, 7, 0
21, 22, 0
22, 14, 0
12, 20, 0
10, 2, 0
24, 25, 0
6, 30, 0
4, 28, 0
8, 0, 0
26, 18, 0
19, 11, 0
27, 3, 0
13, 5, 0
23, 15, 0
1, 9, 0
31, 7, 0
29, 21, 0
16, 0, 0
26, 10, 0
19, 3, 0
20, 4, 0
11, 27, 0
17, 9, 0
25, 1, 0
18, 2, 0
31, 23, 0
7, 15, 0
12, 28, 0
24, 8, 0
6, 22, 0
30, 14, 0
13, 21, 0
5, 29, 0
CNOT: 115
30, 14, 1
31, 7, 1
6, 22, 1
15, 23, 1
4, 20, 1
5, 21, 1
12, 28, 1
13, 29, 1
18, 2, 1
19, 27, 1
26, 10, 1
3, 11, 1
16, 0, 1
1, 9, 1
17, 25, 1
24, 8, 1
7, 23, 1
29, 21, 1
11, 27, 1
19, 3, 1
9, 17, 1
13, 5, 1
25, 0, 1
6, 30, 1
31, 15, 1
2, 1, 1
10, 26, 1
20, 12, 1
14, 22, 1
17, 1, 1
0, 8, 1
23, 14, 1
22, 29, 1
21, 12, 1
27, 15, 1
11, 31, 1
28, 20, 1
3, 7, 1
4, 19, 1
21, 28, 1
18, 17, 1
20, 3, 1
29, 4, 1
0, 7, 1
8, 15, 1
1, 16, 1
14, 13, 1
27, 10, 1
12, 31, 1
22, 6, 1
23, 30, 1
20, 15, 1
28, 7, 1
27, 1, 1
9, 0, 1
3, 18, 1
24, 31, 1
14, 5, 1
25, 8, 1
12, 19, 1
26, 17, 1
4, 31, 1
10, 18, 1
31, 16, 0
11, 28, 0
2, 27, 0
7, 10, 0
15, 9, 0
13, 21, 0
19, 29, 0
17, 25, 0
7, 1, 0
16, 27, 0
20, 28, 0
18, 11, 0
24, 8, 0
9, 10, 0
4, 5, 0
30, 15, 0
17, 3, 0
12, 5, 0
1, 9, 0
19, 27, 0
25, 10, 0
31, 23, 0
16, 8, 0
18, 2, 0
4, 28, 0
26, 11, 0
6, 7, 0
13, 30, 0
26, 2, 0
12, 28, 0
8, 0, 0
22, 14, 0
4, 20, 0
24, 25, 0
1, 17, 0
27, 11, 0
30, 6, 0
3, 19, 0
15, 31, 0
21, 5, 0
23, 7, 0
29, 13, 0
8, 24, 0
10, 26, 0
2, 18, 0
23, 15, 0
11, 3, 0
25, 17, 0
9, 1, 0
20, 4, 0
28, 12, 0
7, 31, 0
27, 19, 0
0, 16, 0
22, 6, 0
14, 30, 0
21, 29, 0
5, 13, 0
CNOT: 121
30, 14, 1
29, 13, 1
22, 6, 1
5, 21, 1
4, 20, 1
28, 12, 1
23, 31, 1
27, 11, 1
19, 3, 1
1, 17, 1
15, 7, 1
8, 24, 1
2, 10, 1
26, 18, 1
0, 16, 1
9, 25, 1
15, 23, 1
21, 13, 1
31, 7, 1
29, 5, 1
27, 19, 1
20, 11, 1
8, 0, 1
10, 18, 1
6, 14, 1
4, 28, 1
26, 2, 1
12, 3, 1
17, 24, 1
25, 16, 1
9, 1, 1
14, 21, 1
7, 6, 1
13, 3, 1
2, 15, 1
18, 26, 1
11, 31, 1
16, 23, 1
25, 8, 1
12, 4, 1
30, 29, 1
17, 9, 1
10, 1, 1
3, 23, 1
22, 29, 1
25, 9, 1
11, 2, 1
21, 28, 1
14, 30, 1
13, 12, 1
24, 31, 1
6, 5, 1
20, 4, 1
16, 8, 1
7, 15, 1
18, 17, 1
31, 29, 1
13, 11, 1
20, 2, 1
12, 27, 1
18, 25, 1
17, 8, 1
19, 15, 1
3, 27, 1
1, 15, 1
12, 19, 1
18, 24, 1
1, 12, 0
29, 23, 0
2, 3, 0
10, 11, 0
31, 18, 0
23, 18, 0
8, 24, 0
10, 12, 0
22, 14, 0
15, 28, 0
27, 11, 0
31, 13, 0
0, 25, 0
1, 2, 0
2, 11, 0
20, 13, 0
16, 18, 0
4, 5, 0
27, 28, 0
26, 19, 0
15, 0, 0
9, 10, 0
30, 31, 0
22, 23, 0
8, 1, 0
11, 12, 0
24, 25, 0
3, 20, 0
16, 17, 0
1, 9, 0
2, 26, 0
28, 4, 0
14, 6, 0
18, 10, 0
0, 8, 0
13, 21, 0
19, 27, 0
7, 31, 0
23, 15, 0
5, 29, 0
3, 19, 0
25, 9, 0
16, 0, 0
17, 1, 0
11, 27, 0
24, 8, 0
7, 15, 0
18, 26, 0
10, 2, 0
20, 4, 0
12, 28, 0
31, 23, 0
14, 30, 0
6, 22, 0
21, 5, 0
13, 29, 0
CNOT: 123
14, 30, 1
31, 23, 1
15, 7, 1
6, 22, 1
4, 20, 1
13, 29, 1
5, 21, 1
12, 28, 1
27, 11, 1
3, 19, 1
1, 17, 1
24, 8, 1
2, 10, 1
26, 18, 1
0, 16, 1
25, 9, 1
29, 21, 1
15, 31, 1
7, 23, 1
27, 3, 1
20, 28, 1
13, 5, 1
0, 24, 1
18, 10, 1
19, 26, 1
17, 9, 1
14, 6, 1
8, 16, 1
30, 22, 1
12, 4, 1
2, 26, 1
21, 20, 1
18, 25, 1
28, 19, 1
22, 29, 1
10, 17, 1
23, 30, 1
11, 31, 1
24, 15, 1
8, 7, 1
16, 0, 1
4, 27, 1
9, 1, 1
9, 25, 1
11, 7, 1
20, 3, 1
10, 2, 1
19, 31, 1
30, 5, 1
23, 15, 1
26, 1, 1
22, 14, 1
16, 6, 1
21, 13, 1
29, 27, 1
28, 12, 1
11, 27, 1
25, 0, 1
8, 15, 1
9, 31, 1
28, 1, 1
17, 7, 1
25, 15, 1
11, 28, 0
15, 3, 0
4, 29, 0
7, 20, 0
0, 11, 0
6, 31, 0
15, 1, 0
31, 16, 0
26, 28, 0
0, 1, 0
24, 17, 0
27, 19, 0
18, 11, 0
12, 5, 0
15, 4, 0
2, 3, 0
8, 9, 0
13, 6, 0
14, 7, 0
25, 11, 0
4, 12, 0
22, 30, 0
26, 2, 0
16, 8, 0
6, 14, 0
9, 17, 0
10, 18, 0
24, 0, 0
28, 20, 0
3, 27, 0
23, 7, 0
21, 5, 0
31, 15, 0
29, 13, 0
9, 25, 0
16, 0, 0
19, 3, 0
17, 1, 0
11, 27, 0
23, 31, 0
10, 2, 0
20, 4, 0
18, 26, 0
28, 12, 0
7, 15, 0
8, 24, 0
30, 14, 0
22, 6, 0
5, 13, 0
21, 29, 0
CNOT: 113
15, 7, 1
22, 6, 1
12, 28, 1
23, 31, 1
14, 30, 1
13, 29, 1
5, 21, 1
19, 3, 1
11, 27, 1
4, 20, 1
8, 24, 1
10, 2, 1
1, 17, 1
18, 26, 1
0, 16, 1
9, 25, 1
13, 5, 1
31, 7, 1
23, 15, 1
29, 21, 1
11, 19, 1
18, 1, 1
2, 26, 1
0, 8, 1
20, 28, 1
25, 16, 1
6, 14, 1
3, 10, 1
17, 24, 1
12, 4, 1
27, 9, 1
21, 20, 1
27, 31, 1
2, 9, 1
19, 23, 1
6, 29, 1
22, 13, 1
10, 1, 1
28, 3, 1
7, 30, 1
26, 16, 1
1, 9, 1
28, 27, 1
7, 29, 1
18, 10, 1
24, 31, 1
16, 15, 1
30, 22, 1
14, 13, 1
8, 23, 1
20, 19, 1
26, 17, 1
26, 31, 1
30, 29, 1
3, 15, 1
20, 13, 1
7, 23, 1
28, 1, 1
27, 11, 1
25, 9, 1
9, 0, 1
26, 1, 1
25, 24, 1
0, 24, 0
23, 16, 0
4, 29, 0
18, 26, 0
15, 20, 0
13, 31, 0
5, 30, 0
31, 20, 0
1, 17, 0
13, 15, 0
0, 16, 0
12, 28, 0
29, 5, 0
23, 9, 0
25, 26, 0
11, 4, 0
11, 3, 0
10, 28, 0
6, 7, 0
13, 21, 0
9, 1, 0
0, 17, 0
2, 27, 0
14, 31, 0
12, 5, 0
8, 25, 0
23, 4, 0
18, 19, 0
22, 15, 0
10, 18, 0
22, 6, 0
16, 17, 0
4, 12, 0
14, 30, 0
1, 25, 0
28, 20, 0
8, 0, 0
26, 2, 0
21, 29, 0
19, 11, 0
15, 23, 0
7, 31, 0
5, 13, 0
3, 19, 0
16, 0, 0
25, 9, 0
26, 18, 0
17, 1, 0
20, 4, 0
31, 23, 0
27, 11, 0
7, 15, 0
2, 10, 0
28, 12, 0
24, 8, 0
6, 22, 0
30, 14, 0
21, 13, 0
29, 5, 0
CNOT: 122
