(0 8 1)|(12 15 1)|(4 7 1)|(1 9 1)|(3 11 1)|(14 10 1)|(13 5 1)|(2 6 1)|
(7 15 1)|(2 14 1)|(8 11 1)|(4 12 1)|(5 9 1)|(0 3 1)|(10 13 1)|
(15 13 1)|(11 14 1)|(5 2 1)|(4 0 1)|(9 8 1)|(12 3 1)|
(15 3 1)|(14 1 1)|(0 2 1)|(6 5 1)|(13 4 1)|(8 7 1)|
(1 4 1)|(8 15 1)|(7 2 1)|(9 3 1)|
(1 12 0)|(2 11 0)|
(0 4 0)|(12 9 0)|(3 11 0)|(5 10 0)|(7 15 0)|
(10 15 0)|(4 5 0)|(2 3 0)|(14 12 0)|(13 9 0)|(7 11 0)|
(11 12 0)|(14 2 0)|(9 5 0)|(3 4 0)|(6 15 0)|(7 0 0)|(13 8 0)|
(8 0 0)|(12 4 0)|(9 1 0)|(10 14 0)|(11 3 0)|(15 7 0)|(5 13 0)|(6 2 0)|
CNOT: 59, depth: 10 and cost function: origin occurs in 0
(8 11 1)|(4 7 1)|(0 3 1)|(12 15 1)|(14 6 1)|(2 10 1)|(5 13 1)|(1 9 1)|
(15 3 1)|(6 10 1)|(11 7 1)|(4 0 1)|(12 8 1)|(1 5 1)|(13 9 1)|
(10 13 1)|(7 6 1)|(3 11 1)|(4 12 1)|(15 14 1)|(2 1 1)|
(3 15 1)|(11 14 1)|(6 4 1)|(9 12 1)|(13 8 1)|
(12 14 1)|(13 0 1)|(8 6 1)|(3 4 1)|
(1 14 0)|(6 3 0)|
(14 10 0)|(3 8 0)|(15 7 0)|(1 9 0)|(4 5 0)|(6 0 0)|
(12 4 0)|(5 6 0)|(14 3 0)|(11 7 0)|(2 10 0)|(15 8 0)|
(10 6 0)|(5 1 0)|(7 0 0)|(2 3 0)|(15 12 0)|(9 13 0)|(11 4 0)|
(8 12 0)|(0 4 0)|(9 1 0)|(13 5 0)|(3 15 0)|(7 11 0)|(10 2 0)|(6 14 0)|
CNOT: 59, depth: 10 and cost function: origin occurs in 0
(0 3 1)|(12 15 1)|(8 11 1)|(4 7 1)|(14 6 1)|(10 2 1)|(13 5 1)|(1 9 1)|
(2 6 1)|(11 15 1)|(13 1 1)|(7 3 1)|(12 8 1)|(4 0 1)|
(7 11 1)|(15 3 1)|(2 1 1)|(6 9 1)|(8 12 1)|(14 13 1)|(5 10 1)|
(8 3 1)|(4 12 1)|(0 11 1)|(5 13 1)|(1 7 1)|
(3 1 1)|(12 15 1)|(4 7 1)|(11 10 1)|(6 5 1)|
(13 15 0)|(3 0 0)|
(11 5 0)|(2 3 0)|(15 9 0)|(4 1 0)|(7 0 0)|
(3 15 0)|(8 5 0)|(13 10 0)|(12 4 0)|(1 0 0)|(14 6 0)|
(6 2 0)|(1 13 0)|(4 8 0)|(14 15 0)|(0 5 0)|(12 9 0)|(11 7 0)|
(0 4 0)|(8 12 0)|(5 13 0)|(9 1 0)|(15 11 0)|(3 7 0)|(6 14 0)|(2 10 0)|
CNOT: 59, depth: 10 and cost function: origin occurs in 0
(12 0 1)|(4 7 1)|(8 11 1)|(10 2 1)|(6 14 1)|(9 1 1)|(3 15 1)|(13 5 1)|
(7 15 1)|(8 4 1)|(9 13 1)|(14 2 1)|(0 3 1)|(6 10 1)|(1 5 1)|
(11 15 1)|(2 1 1)|(14 13 1)|(5 8 1)|(3 12 1)|(0 7 1)|
(4 8 1)|(1 12 1)|(2 6 1)|(5 9 1)|(13 3 1)|(15 7 1)|
(15 12 1)|(3 10 1)|(13 11 1)|
(15 4 0)|(11 8 0)|
(13 15 0)|(10 11 0)|(0 1 0)|(7 12 0)|
(6 7 0)|(9 10 0)|(14 15 0)|(4 1 0)|(12 0 0)|(8 13 0)|
(15 7 0)|(13 9 0)|(2 14 0)|(8 0 0)|(10 6 0)|(5 1 0)|(12 3 0)|
(0 12 0)|(4 8 0)|(1 9 0)|(7 3 0)|(2 10 0)|(5 13 0)|(14 6 0)|(15 11 0)|
CNOT: 57, depth: 10 and cost function: origin occurs in 0
(8 4 1)|(0 3 1)|(12 15 1)|(2 10 1)|(11 7 1)|(6 14 1)|(9 1 1)|(5 13 1)|
(3 15 1)|(5 9 1)|(0 12 1)|(10 14 1)|(4 11 1)|(7 6 1)|
(11 3 1)|(12 8 1)|(10 9 1)|(15 2 1)|(1 6 1)|(13 0 1)|
(8 0 1)|(1 5 1)|(12 7 1)|(9 11 1)|
(1 12 1)|(0 2 1)|(8 3 1)|(7 15 1)|(13 5 1)|
(0 12 0)|(1 14 0)|
(9 15 0)|(6 3 0)|(5 2 0)|(8 4 0)|(7 0 0)|(12 14 0)|
(8 9 0)|(3 0 0)|(11 1 0)|(10 15 0)|(5 6 0)|(13 14 0)|(7 12 0)|
(9 5 0)|(15 7 0)|(14 10 0)|(0 8 0)|(4 1 0)|(3 11 0)|
(4 8 0)|(12 0 0)|(1 9 0)|(13 5 0)|(7 11 0)|(14 6 0)|(10 2 0)|(15 3 0)|
CNOT: 58, depth: 10 and cost function: origin occurs in 0
(4 0 1)|(12 15 1)|(8 11 1)|(6 14 1)|(7 3 1)|(2 10 1)|(5 13 1)|(9 1 1)|
(15 11 1)|(5 9 1)|(10 14 1)|(12 4 1)|(0 7 1)|(6 2 1)|
(8 15 1)|(3 11 1)|(10 9 1)|(1 4 1)|(13 7 1)|(14 6 1)|
(12 8 1)|(1 7 1)|(13 5 1)|(4 3 1)|(15 2 1)|
(11 12 1)|(13 4 1)|(9 15 1)|(7 2 1)|
(11 8 0)|(12 9 0)|(13 14 0)|
(12 13 0)|(10 11 0)|(3 14 0)|(5 1 0)|(7 9 0)|
(9 11 0)|(12 0 0)|(8 13 0)|(5 2 0)|(6 3 0)|(1 14 0)|
(9 5 0)|(14 10 0)|(4 12 0)|(11 3 0)|(0 13 0)|(2 6 0)|
(0 4 0)|(8 12 0)|(13 5 0)|(1 9 0)|(3 7 0)|(14 6 0)|(10 2 0)|(11 15 0)|
CNOT: 57, depth: 10 and cost function: origin occurs in 0
(12 0 1)|(4 7 1)|(8 11 1)|(14 6 1)|(2 10 1)|(3 15 1)|(1 9 1)|(13 5 1)|
(8 4 1)|(1 13 1)|(11 7 1)|(10 6 1)|(0 12 1)|(2 14 1)|
(15 7 1)|(10 13 1)|(5 8 1)|(9 0 1)|(6 2 1)|(11 14 1)|(4 3 1)|
(7 13 1)|(9 1 1)|(6 8 1)|(12 15 1)|(3 14 1)|
(4 7 1)|(13 3 1)|(8 14 1)|(6 0 1)|
(12 13 0)|(11 7 0)|(15 8 0)|
(3 7 0)|(14 0 0)|(9 6 0)|(1 5 0)|(8 13 0)|
(1 14 0)|(12 9 0)|(10 7 0)|(2 15 0)|(3 0 0)|(11 8 0)|(13 4 0)|(5 6 0)|
(7 15 0)|(13 1 0)|(8 0 0)|(4 9 0)|(6 10 0)|(14 2 0)|
(0 12 0)|(4 8 0)|(9 1 0)|(5 13 0)|(15 3 0)|(10 2 0)|(6 14 0)|(7 11 0)|
CNOT: 60, depth: 10 and cost function: origin occurs in 0
(4 0 1)|(12 15 1)|(8 11 1)|(14 6 1)|(13 5 1)|(7 3 1)|(10 2 1)|(1 9 1)|
(11 15 1)|(0 7 1)|(12 8 1)|(13 1 1)|(2 6 1)|(5 4 1)|
(8 15 1)|(7 11 1)|(2 1 1)|(6 5 1)|(4 12 1)|(14 13 1)|
(15 3 1)|(1 7 1)|(12 13 1)|(4 11 1)|(8 0 1)|(6 14 1)|
(15 13 1)|(9 14 1)|(6 4 1)|(11 10 1)|
(14 12 0)|(15 5 0)|
(4 0 0)|(14 15 0)|(11 6 0)|(1 3 0)|(12 9 0)|
(4 1 0)|(15 12 0)|(8 5 0)|(2 3 0)|(13 10 0)|(9 6 0)|
(1 13 0)|(3 15 0)|(6 2 0)|(12 4 0)|(0 8 0)|(11 7 0)|
(0 4 0)|(8 12 0)|(5 13 0)|(6 14 0)|(2 10 0)|(3 7 0)|(9 1 0)|(15 11 0)|
CNOT: 57, depth: 10 and cost function: origin occurs in 0
(0 8 1)|(12 15 1)|(4 11 1)|(7 3 1)|(1 9 1)|(10 2 1)|(14 6 1)|(13 5 1)|
(11 15 1)|(4 12 1)|(13 1 1)|(2 6 1)|(7 10 1)|
(15 3 1)|(2 1 1)|(11 10 1)|(12 8 1)|(6 9 1)|(5 13 1)|(4 7 1)|
(3 11 1)|(8 4 1)|(14 13 1)|(5 10 1)|(1 7 1)|
(12 3 1)|(15 13 1)|(6 5 1)|(0 7 1)|
(1 3 0)|(10 12 0)|
(15 9 0)|(12 5 0)|(0 1 0)|(14 6 0)|(10 4 0)|
(4 1 0)|(12 9 0)|(13 10 0)|(2 3 0)|(14 15 0)|(0 8 0)|(11 5 0)|
(1 13 0)|(6 2 0)|(4 5 0)|(3 15 0)|(11 0 0)|(8 12 0)|
(8 0 0)|(12 4 0)|(9 1 0)|(3 7 0)|(2 10 0)|(15 11 0)|(5 13 0)|(6 14 0)|
CNOT: 57, depth: 10 and cost function: origin occurs in 0
