7 11 6 10 5 9 4 8 
10 2 11 3 8 0 9 1 
9 13 8 12 11 15 10 14 
CNOT: 12, depth: 3
4 8 7 11 6 10 5 9 
9 1 10 2 11 3 8 0 
11 15 9 13 8 12 10 14 
CNOT: 12, depth: 3
14 6 12 0 7 11 13 1 
11 15 0 4 10 14 1 9 
9 13 0 8 11 3 4 12 1 5 2 14 6 10 15 7 
7 3 12 8 2 6 13 5 
6 14 0 12 11 7 1 13 
CNOT: 24, depth: 5
4 12 5 13 2 14 7 15 
3 7 10 2 13 1 12 8 
13 9 1 5 6 2 12 0 14 10 11 7 8 4 15 3 
11 15 6 14 5 9 4 0 
12 4 13 5 14 2 15 7 
CNOT: 24, depth: 5
8 0 7 11 10 6 9 1 
1 5 11 3 0 4 6 2 
6 14 0 12 1 13 2 10 5 9 3 7 11 15 4 8 
9 13 7 15 8 12 10 14 
0 8 11 7 6 10 1 9 
CNOT: 24, depth: 5
5 9 8 4 6 10 3 15 
14 6 12 8 9 1 15 7 
10 14 9 13 15 11 7 3 4 12 1 5 0 8 2 6 
2 10 0 4 5 13 3 11 
9 5 4 8 10 6 15 3 
CNOT: 24, depth: 5
2 10 12 0 5 13 15 7 
10 6 13 9 4 12 3 15 
10 14 8 12 11 15 0 4 6 2 13 1 7 3 9 5 
2 14 5 1 8 0 11 7 
10 2 0 12 13 5 7 15 
CNOT: 24, depth: 5
8 12 11 15 6 14 5 1 
2 6 0 8 15 3 1 13 
12 0 4 8 13 5 10 6 1 9 3 11 14 2 15 7 
10 14 4 12 11 7 5 9 
12 8 15 11 14 6 1 5 
CNOT: 24, depth: 5
4 8 5 9 11 7 14 10 
0 4 9 1 10 6 3 11 
12 4 7 3 15 11 9 13 6 14 1 5 8 0 10 2 
12 8 5 13 14 2 15 7 
8 4 9 5 7 11 10 14 
CNOT: 24, depth: 5
7 15 2 6 5 13 0 8 
3 7 6 14 8 4 9 5 
11 7 1 5 13 9 4 0 14 2 6 10 15 3 8 12 
11 15 2 10 0 12 1 13 
15 7 6 2 13 5 8 0 
CNOT: 24, depth: 5
7 11 4 12 2 6 13 1 
6 10 1 5 11 3 8 4 
11 15 6 14 1 9 12 8 3 7 10 2 0 4 5 13 
2 14 13 9 7 15 0 12 
11 7 12 4 6 2 1 13 
CNOT: 24, depth: 5
12 0 14 6 5 9 11 3 13 1 10 2 8 4 7 15 
9 5 6 14 4 12 15 7 3 11 0 8 2 10 1 13 
5 1 13 9 14 2 11 15 8 4 10 6 7 3 12 0 
0 12 6 14 9 5 3 11 1 13 2 10 4 8 15 7 
CNOT: 32, depth: 4
1 5 8 0 6 2 15 11 3 7 9 13 10 14 4 12 
12 4 11 3 14 6 2 10 7 15 0 8 5 9 13 1 
4 0 15 11 9 13 8 12 10 14 3 7 6 2 1 5 
5 1 0 8 2 6 11 15 7 3 13 9 14 10 12 4 
CNOT: 32, depth: 4
10 14 7 15 12 4 5 13 3 11 1 9 0 8 2 6 
6 2 8 0 4 12 9 5 14 10 11 3 13 1 15 7 
5 13 1 9 7 11 2 14 10 6 12 8 3 15 0 4 
14 10 15 7 4 12 13 5 11 3 9 1 8 0 6 2 
CNOT: 32, depth: 4
8 12 10 14 13 1 15 3 7 11 4 0 5 9 2 6 
9 5 11 7 14 2 3 15 0 8 6 10 12 4 1 13 
10 14 4 0 13 9 7 3 8 12 5 1 15 11 2 6 
12 8 14 10 1 13 3 15 11 7 0 4 9 5 6 2 
CNOT: 32, depth: 4



CNOT: 24, depth: 3



CNOT: 24, depth: 3



CNOT: 24, depth: 3



CNOT: 24, depth: 3



CNOT: 24, depth: 3
11 15 14 6 1 13 12 8 3 7 9 5 2 10 4 0 
5 1 10 14 13 9 15 3 6 2 7 11 0 12 8 4 
15 11 6 14 13 1 8 12 7 3 5 9 10 2 0 4 
CNOT: 24, depth: 3
4 0 15 7 5 13 10 14 9 1 12 8 2 6 3 11 
14 2 11 15 6 10 1 5 8 4 13 9 7 3 0 12 
0 4 7 15 13 5 14 10 1 9 8 12 6 2 11 3 
CNOT: 24, depth: 3
11 3 5 13 8 4 2 14 1 9 0 12 15 7 10 6 
14 10 3 15 9 5 6 2 7 11 4 0 12 8 13 1 
3 11 13 5 4 8 14 2 9 1 12 0 7 15 6 10 
CNOT: 24, depth: 3
7 11 2 14 1 13 12 4 9 5 6 10 15 3 8 0 
11 15 13 9 3 7 4 8 10 2 0 12 14 6 5 1 
11 7 14 2 13 1 4 12 5 9 10 6 3 15 0 8 
CNOT: 24, depth: 3
1 5 6 14 0 8 11 3 2 10 7 15 9 13 4 12 
8 4 5 9 13 1 3 7 10 6 12 0 15 11 14 2 
5 1 14 6 8 0 3 11 10 2 15 7 13 9 12 4 
CNOT: 24, depth: 3
4 0 5 13 6 14 3 15 12 8 2 10 7 11 1 9 
15 7 8 4 13 1 14 2 9 5 10 6 0 12 11 3 
0 4 13 5 14 6 15 3 8 12 10 2 11 7 9 1 
CNOT: 24, depth: 3





CNOT: 24, depth: 5





CNOT: 24, depth: 5



CNOT: 24, depth: 3



CNOT: 24, depth: 3














CNOT: 103, depth: 14
12 8 2 14 4 0 10 6 1 7 13 3 
4 2 6 0 9 12 8 15 14 13 5 11 
12 10 14 8 15 9 11 13 2 5 0 7 3 6 1 4 
6 2 14 9 11 15 13 4 
2 12 8 6 15 10 9 4 
15 7 5 2 1 9 11 0 6 3 
1 6 2 7 14 0 4 10 15 11 3 8 12 5 
2 4 0 6 8 14 11 5 10 12 9 15 
6 2 0 12 14 10 8 4 7 1 3 13 
CNOT: 52, depth: 9
4 12 3 11 8 0 9 1 10 6 2 14 13 5 15 7 
0 4 12 13 6 14 10 2 7 8 1 5 15 3 
9 13 1 10 0 12 4 8 5 2 11 7 15 6 
12 6 3 4 13 10 14 11 7 0 8 9 
2 4 12 1 
12 0 4 5 15 6 
13 12 8 4 7 11 6 1 3 5 
4 7 14 15 2 10 8 12 13 9 5 1 3 6 
12 4 11 3 0 8 1 9 15 10 14 2 5 13 7 6 
CNOT: 53, depth: 9
0 8 1 9 12 4 11 3 2 14 10 6 7 15 5 13 
8 12 15 0 1 5 14 6 10 2 7 11 9 13 
3 15 9 10 0 12 13 2 4 8 14 7 
13 11 2 0 8 9 6 3 12 1 15 5 
5 10 8 14 15 4 
7 8 0 11 10 4 
15 3 10 13 12 0 8 4 7 9 
0 4 12 15 5 1 6 14 2 10 11 7 13 9 
8 0 9 1 4 12 3 11 14 2 6 10 15 7 13 5 
CNOT: 53, depth: 9
0 8 7 15 12 4 11 3 14 2 13 5 6 10 9 1 
4 0 3 12 14 6 2 10 8 9 5 1 11 7 
4 8 0 12 2 11 1 6 10 3 13 14 
8 9 5 11 1 0 10 4 12 13 
9 14 15 4 8 5 6 0 
9 12 2 8 0 7 4 3 
8 4 12 0 7 1 14 5 15 10 
12 8 0 3 6 14 10 2 9 4 1 5 7 11 
8 0 15 7 4 12 3 11 2 14 5 13 10 6 1 9 
CNOT: 54, depth: 9
4 0 10 6 12 8 2 14 5 11 15 1 
2 12 0 14 5 4 8 11 6 13 3 10 9 15 
15 10 11 3 13 5 14 8 9 4 6 0 1 12 
4 10 14 0 6 12 11 5 7 15 
6 4 0 15 
6 14 4 1 
0 8 2 10 4 12 1 14 
11 0 12 5 9 1 13 14 2 3 7 8 15 6 10 4 
12 2 14 0 5 3 13 11 10 15 7 1 9 6 
6 2 0 12 14 10 8 4 11 5 1 15 
CNOT: 54, depth: 10
8 12 6 10 0 4 14 2 3 13 7 9 
12 10 14 0 7 8 4 13 
4 8 12 5 15 0 3 14 10 9 1 7 13 11 
12 0 13 5 15 7 8 14 10 2 
0 8 2 12 10 4 6 14 
7 12 0 13 
6 0 3 5 12 4 15 9 8 13 7 2 
13 12 0 7 15 4 8 5 1 9 3 11 
10 12 0 14 5 4 8 15 1 2 6 11 
2 14 4 0 10 6 12 8 13 3 9 7 
CNOT: 52, depth: 10
4 0 2 14 12 8 10 6 15 1 5 13 
0 14 5 4 2 12 8 11 6 13 3 10 1 7 9 15 
15 10 6 1 3 5 8 7 9 4 
6 8 10 4 11 5 7 15 1 9 13 3 
8 0 12 10 
15 0 12 1 2 4 6 14 
12 2 13 0 11 14 15 1 4 10 8 6 
14 0 2 5 11 13 12 3 10 15 1 6 
6 2 8 4 14 10 0 12 1 15 13 5 
CNOT: 49, depth: 9
8 0 4 12 5 13 9 1 6 10 2 14 11 3 15 7 
12 8 0 9 3 7 2 6 15 4 14 11 1 13 
0 12 5 9 14 10 1 11 8 4 
15 5 11 6 12 2 7 0 
12 1 3 5 6 8 
12 8 
5 4 15 1 14 12 
4 8 3 10 11 13 2 9 15 14 6 12 
12 0 9 5 15 10 6 11 8 14 4 1 
4 0 9 12 7 3 6 2 13 1 10 14 8 15 
0 8 12 4 13 5 1 9 10 6 14 2 3 11 7 15 
CNOT: 58, depth: 11
12 8 10 6 4 0 2 14 5 13 9 15 
2 10 14 8 0 7 13 9 3 12 
8 15 13 3 1 9 7 12 5 2 0 6 
14 13 1 4 10 12 8 0 3 2 
6 14 7 2 9 10 8 3 
2 4 
6 0 4 15 5 3 2 10 11 13 7 8 
9 7 5 11 13 0 4 10 3 6 2 12 1 15 
10 2 8 14 4 11 1 6 9 13 7 15 
6 12 8 10 14 4 0 2 13 5 15 9 
CNOT: 52, depth: 10
4 0 2 14 12 8 10 6 7 9 11 3 
8 6 10 4 13 12 3 5 11 2 0 9 15 7 
3 13 0 14 8 5 9 4 15 10 1 12 
0 13 1 7 5 11 4 12 14 3 9 15 8 2 
8 7 4 2 12 10 
14 8 
4 14 10 7 
11 8 12 9 1 14 0 6 10 2 
14 0 4 11 10 13 1 9 3 8 
6 8 4 10 11 13 9 0 2 15 3 14 
6 2 8 4 14 10 0 12 9 7 3 11 
CNOT: 54, depth: 11
4 12 5 13 8 0 1 9 14 2 10 6 15 7 3 11 
12 8 11 4 5 1 6 2 13 10 0 9 15 14 
6 14 12 9 8 4 7 11 13 3 1 10 
12 0 6 3 9 15 2 7 4 5 11 14 10 8 
6 14 11 1 12 10 
14 8 
14 12 8 1 6 0 
13 0 12 11 8 3 14 6 
15 6 4 8 11 7 0 12 14 1 
4 0 8 11 1 5 2 6 14 15 
12 4 13 5 0 8 9 1 2 14 6 10 7 15 11 3 
CNOT: 57, depth: 11














CNOT: 103, depth: 14














CNOT: 103, depth: 14














CNOT: 103, depth: 14














CNOT: 103, depth: 14














CNOT: 103, depth: 14














CNOT: 103, depth: 14
