(9 5 1)|(8 0 1)|(10 14 1)|(11 7 1)|(3 15 1)|(4 12 1)|(6 2 1)|(13 1 1)|
(12 8 1)|(5 9 1)|(15 3 1)|(0 4 1)|(14 6 1)|(1 13 1)|(2 10 1)|(7 11 1)|
(13 5 0)|(8 0 0)|(4 12 0)|(11 15 0)|(10 14 0)|(6 2 0)|(9 1 0)|(3 7 0)|
(5 9 0)|(0 8 0)|(14 10 0)|(7 11 0)|(15 3 0)|(12 4 0)|(2 6 0)|(1 13 0)|
CNOT: 32, depth: 4 and cost function: origin occurs in 0
(13 5 1)|(11 15 1)|(14 10 1)|(4 12 1)|(7 3 1)|(1 9 1)|(8 0 1)|(6 2 1)|
(2 14 1)|(15 7 1)|(10 6 1)|(0 4 1)|(5 1 1)|(12 8 1)|(3 11 1)|(9 13 1)|
(6 2 0)|(14 10 0)|(4 12 0)|(11 15 0)|(7 3 0)|(8 0 0)|(13 5 0)|(1 9 0)|
(5 13 0)|(15 11 0)|(10 14 0)|(12 4 0)|(3 7 0)|(9 1 0)|(0 8 0)|(2 6 0)|
CNOT: 32, depth: 4 and cost function: origin occurs in 0
(5 1 1)|(10 2 1)|(0 4 1)|(3 11 1)|(12 8 1)|(14 6 1)|(15 7 1)|(9 13 1)|
(6 14 1)|(7 3 1)|(4 12 1)|(1 9 1)|(8 0 1)|(13 5 1)|(11 15 1)|(2 10 1)|
(12 8 0)|(0 4 0)|(5 1 0)|(15 7 0)|(9 13 0)|(10 6 0)|(14 2 0)|(3 11 0)|
(1 5 0)|(2 10 0)|(4 0 0)|(11 3 0)|(8 12 0)|(6 14 0)|(7 15 0)|(13 9 0)|
CNOT: 32, depth: 4 and cost function: origin occurs in 0
