6, 10, 1
5, 9, 1
4, 8, 1
7, 11, 1
10, 2, 1
11, 3, 1
9, 1, 1
8, 0, 1
11, 15, 0
10, 14, 0
9, 13, 0
8, 12, 0
CNOT: 12
7, 11, 1
6, 10, 1
4, 8, 1
5, 9, 1
8, 0, 1
9, 1, 1
11, 3, 1
10, 2, 1
8, 12, 0
11, 15, 0
10, 14, 0
9, 13, 0
CNOT: 12
4, 8, 1
5, 9, 1
6, 10, 1
7, 11, 1
11, 3, 1
10, 2, 1
9, 1, 1
8, 0, 1
11, 15, 0
10, 14, 0
9, 13, 0
8, 12, 0
CNOT: 12
4, 8, 1
5, 9, 1
7, 11, 1
6, 10, 1
9, 1, 1
11, 3, 1
10, 2, 1
8, 0, 1
8, 12, 0
11, 15, 0
9, 13, 0
10, 14, 0
CNOT: 12
7, 11, 1
5, 9, 1
6, 10, 1
4, 8, 1
10, 2, 1
11, 3, 1
9, 1, 1
8, 0, 1
9, 13, 0
10, 14, 0
11, 15, 0
8, 12, 0
CNOT: 12
