14 6 5 1 11 7 0 12 10 2 15 3 8 4 9 13 
2 14 13 9 6 10 7 11 4 8 1 5 3 15 12 0 
0 4 11 3 15 7 5 13 14 6 9 1 10 2 8 12 
3 15 12 0 1 5 2 10 13 9 4 8 7 11 6 14 
CNOT: 32, depth: 4
5 13 4 12 10 2 3 15 1 9 11 7 0 8 14 6 
9 5 2 10 15 11 7 3 8 4 12 0 6 14 
5 13 1 9 
3 15 0 8 1 13 4 12 10 6 11 7 14 2 
2 10 15 3 7 11 6 14 13 5 12 4 8 0 9 1 
CNOT: 32, depth: 5
9 1 0 12 11 7 15 3 8 4 6 10 5 13 2 14 
3 11 4 0 14 2 13 5 10 6 12 8 7 15 1 9 
5 1 6 14 15 3 8 4 0 12 2 10 11 7 9 13 
3 15 1 9 12 0 10 6 7 11 14 2 4 8 13 5 
CNOT: 32, depth: 4
6 14 3 11 1 9 4 0 10 2 5 13 8 12 7 15 
14 10 15 3 13 5 0 4 12 8 9 1 11 7 
6 14 10 2 
6 2 1 13 4 12 8 0 7 15 3 11 5 9 
0 4 9 1 11 3 2 10 14 6 12 8 13 5 15 7 
CNOT: 32, depth: 5
0 4 13 1 15 11 14 6 3 7 9 5 2 10 8 12 
11 15 5 9 7 3 10 14 12 8 6 2 4 0 
1 9 
13 5 
0 12 2 10 3 11 8 4 14 6 13 1 15 7 
6 14 4 0 11 15 5 9 7 3 1 13 12 8 10 2 
CNOT: 32, depth: 6
2 10 9 1 6 14 13 5 7 15 3 11 8 4 12 0 
4 12 0 8 11 7 14 2 15 3 1 9 5 13 
2 10 6 14 
9 5 3 11 6 10 8 4 7 15 12 0 13 1 
1 9 11 3 4 8 5 13 0 12 10 2 15 7 14 6 
CNOT: 32, depth: 5
4 8 1 13 3 15 10 2 5 9 12 0 6 14 11 7 
9 1 2 6 15 3 7 11 0 4 8 12 13 5 14 10 
5 9 12 0 4 8 3 7 10 2 1 13 6 14 11 15 
13 1 8 4 15 3 2 10 0 12 9 5 7 11 14 6 
CNOT: 32, depth: 4
3 7 5 9 0 12 1 13 14 10 6 2 8 4 15 11 
7 3 9 5 10 14 2 6 12 8 13 1 4 0 11 15 
14 2 0 12 8 4 6 10 3 11 15 7 1 9 5 13 
7 3 4 8 2 6 9 5 10 14 11 15 13 1 12 0 
CNOT: 32, depth: 4
1 13 0 8 14 10 15 11 7 3 2 6 9 5 4 12 
3 15 10 2 12 4 13 1 8 0 6 14 11 7 5 9 
15 11 9 13 14 10 0 12 4 8 2 6 7 3 1 5 
13 1 12 4 3 7 8 0 10 14 11 15 6 2 5 9 
CNOT: 32, depth: 4
6 10 0 8 15 11 9 13 12 4 1 5 2 14 7 3 
5 9 3 15 13 1 4 12 10 6 8 0 
7 3 2 10 6 14 15 11 
9 13 7 11 2 14 0 4 12 8 1 5 
8 0 10 6 11 15 13 9 5 1 4 12 3 7 14 2 
CNOT: 32, depth: 5
1 5 0 8 6 14 2 10 7 3 11 15 12 4 13 9 
5 1 9 13 15 7 10 2 4 12 3 11 8 0 
10 6 
2 14 
12 8 7 3 11 15 13 5 6 14 1 9 0 4 
5 1 8 0 3 7 15 11 10 2 14 6 4 12 9 13 
CNOT: 32, depth: 6
11 15 6 10 4 0 1 9 5 13 8 12 7 3 2 14 
10 6 12 4 13 1 9 5 3 11 0 8 15 7 
14 6 10 2 
5 13 11 15 2 14 1 9 7 3 4 0 8 12 
10 6 13 5 9 1 3 7 15 11 12 8 14 2 0 4 
CNOT: 32, depth: 5
12 8 7 11 15 3 6 14 1 13 2 10 0 4 5 9 
4 12 10 6 13 1 9 5 3 15 8 0 11 7 14 2 
0 4 15 11 6 14 12 8 7 3 5 13 1 9 2 10 
10 2 8 12 3 15 11 7 13 1 14 6 9 5 4 0 
CNOT: 32, depth: 4
7 3 1 13 4 12 6 14 9 5 8 0 10 2 15 11 
12 8 11 15 14 10 13 1 5 9 0 4 2 6 
15 3 7 11 
1 5 8 0 7 3 4 12 10 2 6 14 9 13 
3 7 12 4 14 6 5 9 2 10 13 1 11 15 0 8 
CNOT: 32, depth: 5
13 9 3 11 12 0 6 10 5 1 15 7 2 14 8 4 
3 7 6 14 15 11 5 9 13 1 12 4 2 10 8 0 
9 13 7 15 11 3 14 2 10 6 1 5 0 12 4 8 
CNOT: 24, depth: 3
1 5 15 3 6 10 2 14 11 7 4 8 9 13 0 12 
5 9 3 11 10 2 14 6 8 0 13 1 7 15 
4 12 
7 11 8 4 5 1 14 2 10 6 3 15 12 0 13 9 
CNOT: 24, depth: 4
6 10 11 7 15 3 12 4 5 9 2 14 0 8 13 1 
3 11 4 0 14 6 10 2 
5 1 13 9 12 8 15 7 
8 0 1 13 3 15 9 5 7 11 10 6 4 12 14 2 
CNOT: 24, depth: 4
9 1 3 11 0 12 14 6 2 10 13 5 7 15 4 8 
12 4 11 7 1 13 15 3 
14 10 0 8 2 6 9 5 
11 3 12 0 5 13 1 9 10 2 6 14 8 4 15 7 
CNOT: 24, depth: 4
6 10 0 12 14 2 8 4 9 5 7 11 1 13 3 15 
15 7 2 6 4 0 12 8 11 3 
9 13 14 10 1 5 
5 9 13 1 10 6 2 14 15 3 11 7 12 0 4 8 
CNOT: 24, depth: 4
13 5 10 14 1 9 11 15 4 8 2 6 12 0 7 3 
3 11 0 4 14 2 
13 9 10 6 7 15 12 8 1 5 
0 12 6 2 5 13 3 7 15 11 8 4 14 10 9 1 
CNOT: 24, depth: 4
15 7 14 2 3 11 1 9 12 8 6 10 0 4 13 5 
9 13 7 3 5 1 10 14 11 15 
6 2 12 4 0 8 
11 3 8 12 7 15 10 6 5 13 4 0 2 14 9 1 
CNOT: 24, depth: 4
7 3 12 0 15 11 9 5 10 14 13 1 6 2 4 8 
0 4 11 7 3 15 
12 8 6 14 13 5 10 2 9 1 
0 12 5 9 14 10 3 7 2 6 1 13 8 4 11 15 
CNOT: 24, depth: 4
12 8 13 9 14 2 11 3 15 7 6 10 1 5 4 0 
5 13 9 1 7 11 3 15 0 12 
6 2 4 8 14 10 
7 15 9 13 8 12 3 11 10 6 0 4 2 14 5 1 
CNOT: 24, depth: 4
14 6 7 11 12 0 13 1 5 9 3 15 2 10 8 4 
11 3 9 13 0 8 
14 10 2 6 7 15 5 1 12 4 
0 12 6 14 4 8 15 3 9 5 1 13 11 7 10 2 
CNOT: 24, depth: 4
11 3 10 6 9 5 7 15 12 0 4 8 13 1 2 14 
15 11 1 9 8 12 0 4 3 7 
2 6 10 14 13 5 
5 9 0 12 3 11 6 10 8 4 15 7 14 2 1 13 
CNOT: 24, depth: 4
11 7 5 9 15 3 13 1 2 10 4 0 8 12 14 6 
7 15 12 4 10 14 1 5 0 8 3 11 
13 9 2 6 
9 5 1 13 6 14 0 4 12 8 7 11 10 2 3 15 
CNOT: 24, depth: 4
1 9 2 6 3 7 0 8 4 12 
10 2 9 13 11 3 7 15 5 1 
13 1 14 2 9 5 15 3 
11 7 10 6 
4 8 0 12 14 6 3 7 1 9 
7 3 6 2 9 1 12 4 8 0 
CNOT: 26, depth: 6
2 10 3 15 1 9 12 8 0 4 13 5 
5 1 8 0 10 2 15 3 
7 3 15 11 
2 6 14 10 
13 9 12 4 3 11 6 10 7 15 2 14 
10 2 8 12 5 13 15 3 9 1 4 0 
CNOT: 26, depth: 6
15 11 14 2 8 12 7 3 1 9 5 13 0 4 6 10 
12 0 9 5 11 7 3 15 
14 10 8 4 1 13 6 2 
12 8 13 5 2 14 9 1 4 0 11 15 10 6 3 7 
CNOT: 24, depth: 4
12 8 9 5 6 2 3 15 7 11 13 1 
11 3 15 7 8 4 2 14 
8 0 2 10 
6 14 12 4 
13 5 9 1 6 10 12 0 
2 6 8 12 5 9 15 3 11 7 1 13 
CNOT: 24, depth: 6
11 3 9 1 0 12 14 2 8 4 
12 8 1 9 3 7 15 11 2 10 6 14 
7 11 2 6 
15 3 14 10 5 1 9 13 
0 4 13 1 9 5 14 2 11 3 
3 11 1 9 2 14 4 8 12 0 
CNOT: 27, depth: 6
6 14 1 13 15 7 8 12 5 9 11 3 0 4 
7 11 3 15 10 6 14 2 
2 6 
10 14 
0 12 1 9 8 4 5 13 6 14 
12 8 13 1 14 6 3 11 7 15 4 0 9 5 
CNOT: 25, depth: 6
9 5 10 2 0 8 7 11 12 4 15 3 6 14 
4 0 11 15 2 6 5 13 1 9 
13 9 
1 5 
10 14 7 3 12 8 9 5 
5 9 4 12 14 6 2 10 11 7 3 15 8 0 
CNOT: 25, depth: 6
11 15 13 9 6 14 2 10 5 1 0 12 8 4 
12 8 10 6 4 0 9 5 15 11 
3 15 11 7 
2 14 13 1 7 15 11 3 
15 11 12 0 14 6 10 2 1 5 4 8 9 13 
CNOT: 25, depth: 5
8 4 13 1 10 14 15 7 11 3 6 2 
3 15 14 6 0 8 5 13 4 12 
4 0 12 8 
13 9 5 1 
11 7 10 2 9 1 8 4 
14 10 3 11 1 13 4 8 2 6 7 15 
CNOT: 25, depth: 6
12 8 10 2 7 3 1 9 11 15 14 6 4 0 
6 10 2 14 0 12 5 1 
13 1 9 5 
4 8 11 3 7 15 13 9 
9 1 8 12 3 7 6 14 15 11 2 10 0 4 
CNOT: 24, depth: 5
2 6 12 8 9 5 7 11 4 0 
0 12 11 15 5 9 6 2 
6 10 14 2 5 1 
9 13 7 15 3 11 
4 8 13 5 9 1 7 3 14 6 2 10 
6 2 11 7 5 9 0 4 8 12 
CNOT: 26, depth: 6
2 10 13 1 11 15 7 3 12 4 8 0 
4 8 15 7 1 5 14 2 
1 9 6 2 
14 10 13 5 
12 0 11 3 13 9 6 10 
10 2 3 7 15 11 1 13 4 12 0 8 
CNOT: 24, depth: 6
8 12 0 4 6 10 14 2 11 13 15 1 7 9 3 5 
12 10 6 0 4 2 14 8 1 7 13 3 
0 14 4 3 12 7 13 8 10 9 1 6 
8 6 10 4 2 14 7 13 5 0 11 15 3 9 
3 9 4 0 2 1 15 14 10 8 12 6 
6 7 13 10 
12 2 15 11 
11 12 6 3 15 4 0 9 8 1 5 2 14 10 13 7 
0 6 2 4 8 14 10 12 11 5 15 9 
2 6 4 8 12 0 13 11 10 14 9 7 1 15 5 3 
CNOT: 59, depth: 10
8 12 6 10 0 4 14 2 9 7 5 11 3 13 15 1 
4 2 9 8 12 11 5 0 10 13 14 6 15 1 
0 6 10 12 13 5 14 8 15 1 4 7 11 3 2 9 
8 0 2 1 10 9 12 4 6 14 7 11 3 5 
5 8 11 14 7 15 
5 3 9 1 6 11 
7 4 8 9 6 15 10 2 14 3 
2 4 8 6 12 10 14 0 11 7 
6 10 13 2 
10 6 2 14 4 8 12 0 7 9 11 5 13 3 1 15 
CNOT: 56, depth: 10
4 12 8 0 11 3 5 13 1 9 7 15 2 14 6 10 
1 5 15 4 12 0 14 10 7 8 13 6 9 2 3 11 
2 6 3 15 12 8 0 9 
8 1 12 2 7 4 0 14 13 11 
4 1 10 8 3 11 
0 6 9 8 
4 9 12 5 
11 0 8 15 2 9 1 10 12 5 
4 6 8 3 12 15 2 5 7 9 11 14 13 0 1 10 
0 12 4 11 3 10 7 14 5 15 8 6 2 9 
4 0 5 1 10 14 8 11 6 2 15 3 
0 8 12 4 14 2 10 6 13 5 9 1 15 7 3 11 
CNOT: 66, depth: 12
8 12 0 4 14 2 7 9 6 10 13 5 
6 14 4 3 2 9 1 7 12 15 
2 10 7 14 11 3 1 8 13 6 12 4 9 15 0 5 
11 14 0 5 4 2 9 1 
2 1 14 8 
6 8 0 14 5 4 11 2 
14 9 7 15 13 3 5 11 12 10 6 0 1 2 
14 5 15 2 4 12 8 3 7 9 
3 4 15 1 14 6 9 12 0 7 10 2 11 5 
2 14 12 8 4 0 10 6 9 7 3 5 11 13 15 1 
CNOT: 56, depth: 10
0 4 6 10 2 14 12 8 9 7 13 3 5 11 15 1 
8 14 4 7 2 12 0 6 10 9 5 3 15 13 
10 4 7 15 9 0 13 2 8 11 5 12 
4 8 1 9 15 13 10 3 12 0 11 7 2 6 14 5 
10 6 8 12 13 2 1 9 11 15 7 0 5 3 
6 2 
6 4 3 5 10 14 
6 8 5 10 9 1 15 11 0 7 2 4 
12 10 1 8 13 14 6 5 
1 10 12 6 13 7 0 4 2 3 11 8 5 14 
14 8 6 13 2 0 4 10 5 3 7 11 12 1 
10 2 14 6 4 0 8 12 7 9 5 13 11 3 1 15 
CNOT: 72, depth: 12
8 0 12 4 2 14 1 9 6 10 5 13 3 11 7 15 
8 12 4 0 5 1 11 15 10 3 14 7 
14 10 6 8 13 3 12 5 0 9 15 4 1 2 
3 2 4 6 10 12 11 5 15 1 14 8 0 13 9 7 
15 2 0 14 13 8 1 6 
4 8 0 3 15 10 14 9 12 7 
13 3 
7 0 
4 0 8 2 10 15 9 14 7 12 3 13 
7 9 2 4 8 1 3 0 
11 10 2 9 8 7 
12 4 
12 8 10 14 0 4 6 13 7 9 1 5 15 11 2 3 
4 8 0 12 9 1 13 5 11 3 15 7 14 2 10 6 
CNOT: 70, depth: 14
14 2 6 10 8 12 0 4 
4 2 6 8 1 15 11 3 9 5 
4 3 2 10 8 0 14 6 12 11 9 5 
7 14 13 6 2 8 10 4 1 5 
4 14 10 5 13 0 9 6 1 2 15 3 7 8 
2 14 5 6 3 9 15 11 13 10 4 0 12 1 
12 1 5 8 
8 7 6 1 9 3 11 15 10 13 0 4 
14 8 6 10 4 12 2 1 3 15 
8 11 12 2 5 13 6 0 4 1 9 10 
5 4 15 2 7 12 8 9 0 1 14 11 
13 3 0 12 8 15 7 9 1 4 11 2 14 5 
14 13 3 10 2 1 11 5 9 15 8 6 4 7 0 12 
1 14 10 8 12 6 2 0 7 9 15 4 3 11 5 13 
CNOT: 82, depth: 14
12 8 2 14 4 0 10 6 1 7 11 5 15 9 13 3 
0 6 15 9 10 12 1 4 14 5 11 2 
15 9 8 14 7 1 0 3 12 4 5 13 6 11 
3 11 1 2 14 9 4 10 5 12 7 15 6 8 
0 1 5 7 6 15 12 2 13 4 8 14 
10 5 14 8 
10 2 15 8 4 5 7 6 0 14 1 9 
4 8 10 15 3 0 11 6 12 9 2 13 1 14 7 5 
14 8 
6 0 12 10 3 13 5 14 2 11 9 15 1 7 4 8 
6 2 0 12 14 10 8 4 5 11 7 1 
CNOT: 65, depth: 11
