(23 5 1)|
(23 5 1)|
(23 5 1)|
(23 5 1)|
(23 5 1)|
(23 5 1)|
(23 5 1)|
(23 5 1)|






CNOT: 152, depth: 14 and cost function: square
(23 5 1)|
(23 5 1)|
(23 5 1)|
(23 5 1)|
(23 5 1)|
(23 5 1)|
(23 5 1)|
(23 5 1)|






CNOT: 152, depth: 14 and cost function: square
(3 19 1)|(4 20 1)|(11 27 1)|(12 28 1)|(5 21 1)|(13 29 1)|(6 22 1)|(30 14 1)|(7 31 1)|(15 23 1)|(2 18 1)|(10 26 1)|(9 17 1)|(16 24 1)|(1 25 1)|(0 8 1)|
(19 27 1)|(21 29 1)|(8 15 1)|(22 14 1)|(20 5 1)|(3 7 1)|(9 1 1)|(0 24 1)|(23 31 1)|(28 13 1)|(4 12 1)|(25 6 1)|(26 2 1)|(18 10 1)|(17 30 1)|
(20 19 1)|(29 21 1)|(5 13 1)|(26 1 1)|(11 3 1)|(7 30 1)|(24 8 1)|(25 16 1)|(31 22 1)|(14 12 1)|(28 2 1)|
(3 5 1)|(1 24 1)|(11 15 1)|(0 7 1)|(16 30 1)|(21 13 1)|(29 2 1)|(25 6 1)|(28 19 1)|(20 23 1)|(18 31 1)|(8 9 1)|(14 17 1)|(4 10 1)|(22 12 1)|(27 26 1)|
(30 5 1)|(27 26 1)|(28 29 1)|(0 16 1)|(25 15 1)|(3 2 1)|(18 1 1)|(22 12 1)|(4 10 1)|(8 9 1)|(14 17 1)|(24 7 1)|(20 23 1)|
(15 5 1)|(1 23 1)|(27 7 1)|(28 20 1)|(29 3 1)|
(16 23 1)|
(23 5 1)|
(23 20 0)|(5 18 0)|(11 27 0)|(3 19 0)|(15 31 0)|(2 26 0)|
(23 29 0)|(10 3 0)|(5 6 0)|(26 19 0)|(24 27 0)|(31 18 0)|(13 4 0)|(12 21 0)|(30 22 0)|
(7 23 0)|(30 3 0)|(28 29 0)|(5 24 0)|(4 20 0)|(11 12 0)|(16 17 0)|(31 19 0)|(13 22 0)|(6 14 0)|(18 27 0)|(9 25 0)|(10 2 0)|
(31 23 0)|(5 29 0)|(9 10 0)|(4 13 0)|(25 18 0)|(3 11 0)|(27 19 0)|(1 17 0)|(6 22 0)|(0 8 0)|(30 15 0)|(7 16 0)|(21 14 0)|(2 26 0)|
(19 3 0)|(4 5 0)|(6 31 0)|(1 9 0)|(30 24 0)|(12 13 0)|(8 25 0)|(7 11 0)|(23 15 0)|(14 22 0)|(28 21 0)|(0 16 0)|(10 2 0)|(26 27 0)|(20 29 0)|(17 18 0)|
(21 4 0)|(28 5 0)|(14 30 0)|(31 7 0)|(15 19 0)|(22 6 0)|(20 13 0)|(27 11 0)|(25 1 0)|(18 2 0)|(29 12 0)|(26 10 0)|(17 9 0)|(0 24 0)|(23 3 0)|(16 8 0)|
CNOT: 152, depth: 14 and cost function: square
(30 14 1)|(15 7 1)|(31 23 1)|(22 6 1)|(4 20 1)|(29 13 1)|(5 21 1)|(3 19 1)|(11 27 1)|(28 12 1)|(2 26 1)|(1 25 1)|(17 9 1)|(24 8 1)|(18 10 1)|(16 0 1)|
(23 7 1)|(29 5 1)|(20 12 1)|(2 18 1)|(19 27 1)|(30 22 1)|(17 1 1)|(8 0 1)|(13 21 1)|(4 28 1)|(10 26 1)|(6 14 1)|(9 31 1)|(25 15 1)|(16 24 1)|
(14 13 1)|(7 6 1)|(8 23 1)|(21 20 1)|(27 3 1)|(0 15 1)|(26 1 1)|(25 9 1)|(11 2 1)|(18 31 1)|(5 4 1)|(12 19 1)|
(31 22 1)|(0 16 1)|(6 5 1)|(9 17 1)|(12 2 1)|(13 28 1)|(18 15 1)|(19 23 1)|
(27 12 1)|(15 22 1)|(20 2 1)|(24 31 1)|
(12 23 1)|
(15 11 0)|(22 12 0)|(31 20 0)|
(15 24 0)|(2 19 0)|(11 12 0)|(18 27 0)|(23 20 0)|(28 21 0)|(31 3 0)|
(11 28 0)|(24 16 0)|(25 18 0)|(2 3 0)|(4 6 0)|(8 9 0)|(10 19 0)|(23 1 0)|(29 21 0)|(30 14 0)|(31 7 0)|(12 27 0)|
(30 23 0)|(29 22 0)|(24 1 0)|(17 10 0)|(3 28 0)|(5 13 0)|(2 26 0)|(4 12 0)|(9 25 0)|(11 20 0)|(15 7 0)|
(13 29 0)|(7 23 0)|(15 3 0)|(22 30 0)|(18 2 0)|(1 17 0)|(27 19 0)|(0 8 0)|(21 5 0)|(31 11 0)|(16 9 0)|(24 25 0)|(28 4 0)|(26 10 0)|(14 6 0)|(12 20 0)|
(5 13 0)|(21 29 0)|(6 22 0)|(14 30 0)|(8 24 0)|(20 4 0)|(7 15 0)|(12 28 0)|(23 31 0)|(26 2 0)|(19 3 0)|(27 11 0)|(10 18 0)|(9 17 0)|(0 16 0)|(25 1 0)|
CNOT: 121, depth: 12 and cost function: origin occurs in 0
(14 30 1)|(6 22 1)|(15 7 1)|(31 23 1)|(5 13 1)|(4 20 1)|(21 29 1)|(11 27 1)|(19 3 1)|(8 24 1)|(1 9 1)|(10 26 1)|(28 12 1)|(2 18 1)|(17 25 1)|(0 16 1)|
(13 29 1)|(23 7 1)|(5 21 1)|(27 3 1)|(1 17 1)|(9 16 1)|(19 31 1)|(20 28 1)|(30 22 1)|(26 18 1)|(25 15 1)|
(7 30 1)|(18 17 1)|(22 21 1)|(28 4 1)|(14 5 1)|(20 27 1)|(16 31 1)|(2 1 1)|(26 0 1)|(8 15 1)|(19 10 1)|
(21 4 1)|(0 31 1)|(12 27 1)|(29 20 1)|(30 13 1)|(17 24 1)|(10 1 1)|(23 7 1)|(11 15 1)|(19 6 1)|(3 26 1)|
(12 4 1)|(7 31 1)|(3 11 1)|(17 0 1)|(20 6 1)|(29 5 1)|(19 2 1)|
(11 2 1)|(4 19 1)|(27 7 1)|
(27 11 1)|
(11 6 1)|
(11 4 0)|(15 0 0)|(7 24 0)|(6 30 0)|(17 25 0)|(12 29 0)|
(6 15 0)|(7 12 0)|(17 9 0)|(1 4 0)|(5 13 0)|(2 26 0)|(31 8 0)|(23 24 0)|(0 25 0)|(19 27 0)|
(5 7 0)|(6 31 0)|(11 20 0)|(18 26 0)|(16 25 0)|(24 17 0)|(10 4 0)|(14 30 0)|(23 12 0)|(1 19 0)|(0 3 0)|(15 27 0)|
(9 26 0)|(5 6 0)|(15 23 0)|(28 13 0)|(8 16 0)|(10 11 0)|(1 25 0)|(3 27 0)|(14 22 0)|(2 20 0)|(21 29 0)|
(27 11 0)|(21 5 0)|(23 31 0)|(14 7 0)|(15 19 0)|(29 13 0)|(17 1 0)|(8 9 0)|(0 24 0)|(25 26 0)|(4 28 0)|(22 30 0)|(10 18 0)|
(13 5 0)|(29 21 0)|(22 6 0)|(30 14 0)|(24 8 0)|(7 15 0)|(31 27 0)|(20 4 0)|(9 1 0)|(26 10 0)|(3 19 0)|(12 28 0)|(18 2 0)|(25 17 0)|(23 11 0)|(16 0 0)|
CNOT: 129, depth: 14 and cost function: norm occurs in 0
(14 30 1)|(6 22 1)|(15 7 1)|(31 23 1)|(5 13 1)|(4 20 1)|(21 29 1)|(11 27 1)|(19 3 1)|(8 24 1)|(1 9 1)|(10 26 1)|(28 12 1)|(2 18 1)|(17 25 1)|(0 16 1)|
(13 29 1)|(23 7 1)|(5 21 1)|(27 3 1)|(1 17 1)|(9 16 1)|(19 31 1)|(20 28 1)|(30 22 1)|(26 18 1)|(25 15 1)|
(7 30 1)|(18 17 1)|(22 21 1)|(28 4 1)|(14 5 1)|(20 27 1)|(16 31 1)|(2 1 1)|(26 0 1)|(8 15 1)|(19 10 1)|
(21 4 1)|(0 31 1)|(12 27 1)|(29 20 1)|(30 13 1)|(17 24 1)|(10 1 1)|(23 7 1)|(11 15 1)|(19 6 1)|(3 26 1)|
(12 4 1)|(7 31 1)|(3 11 1)|(17 0 1)|(20 6 1)|(29 5 1)|(19 2 1)|
(11 2 1)|(4 19 1)|(27 7 1)|
(27 11 1)|
(11 6 1)|
(11 4 0)|(15 0 0)|(7 24 0)|(6 30 0)|(17 25 0)|(12 29 0)|
(6 15 0)|(7 12 0)|(17 9 0)|(1 4 0)|(5 13 0)|(2 26 0)|(31 8 0)|(23 24 0)|(0 25 0)|(19 27 0)|
(5 7 0)|(6 31 0)|(11 20 0)|(18 26 0)|(16 25 0)|(24 17 0)|(10 4 0)|(14 30 0)|(23 12 0)|(1 19 0)|(0 3 0)|(15 27 0)|
(9 26 0)|(5 6 0)|(15 23 0)|(28 13 0)|(8 16 0)|(10 11 0)|(1 25 0)|(3 27 0)|(14 22 0)|(2 20 0)|(21 29 0)|
(27 11 0)|(21 5 0)|(23 31 0)|(14 7 0)|(15 19 0)|(29 13 0)|(17 1 0)|(8 9 0)|(0 24 0)|(25 26 0)|(4 28 0)|(22 30 0)|(10 18 0)|
(13 5 0)|(29 21 0)|(22 6 0)|(30 14 0)|(24 8 0)|(7 15 0)|(31 27 0)|(20 4 0)|(9 1 0)|(26 10 0)|(3 19 0)|(12 28 0)|(18 2 0)|(25 17 0)|(23 11 0)|(16 0 0)|
(14 30 1)|(6 22 1)|(15 7 1)|(31 23 1)|(5 13 1)|(4 20 1)|(21 29 1)|(11 27 1)|(19 3 1)|(8 24 1)|(1 9 1)|(10 26 1)|(28 12 1)|(2 18 1)|(17 25 1)|(0 16 1)|
(13 29 1)|(23 7 1)|(5 21 1)|(27 3 1)|(1 17 1)|(9 16 1)|(19 31 1)|(20 28 1)|(30 22 1)|(26 18 1)|(25 15 1)|
(7 30 1)|(18 17 1)|(22 21 1)|(28 4 1)|(14 5 1)|(20 27 1)|(16 31 1)|(2 1 1)|(26 0 1)|(8 15 1)|(19 10 1)|
(21 4 1)|(0 31 1)|(12 27 1)|(29 20 1)|(30 13 1)|(17 24 1)|(10 1 1)|(23 7 1)|(11 15 1)|(19 6 1)|(3 26 1)|
(12 4 1)|(7 31 1)|(3 11 1)|(17 0 1)|(20 6 1)|(29 5 1)|(19 2 1)|
(11 2 1)|(4 19 1)|(27 7 1)|
(27 11 1)|
(11 6 1)|
(11 4 0)|(15 0 0)|(7 24 0)|(6 30 0)|(17 25 0)|(12 29 0)|
(6 15 0)|(7 12 0)|(17 9 0)|(1 4 0)|(5 13 0)|(2 26 0)|(31 8 0)|(23 24 0)|(0 25 0)|(19 27 0)|
(5 7 0)|(6 31 0)|(11 20 0)|(18 26 0)|(16 25 0)|(24 17 0)|(10 4 0)|(14 30 0)|(23 12 0)|(1 19 0)|(0 3 0)|(15 27 0)|
(9 26 0)|(5 6 0)|(15 23 0)|(28 13 0)|(8 16 0)|(10 11 0)|(1 25 0)|(3 27 0)|(14 22 0)|(2 20 0)|(21 29 0)|
(27 11 0)|(21 5 0)|(23 31 0)|(14 7 0)|(15 19 0)|(29 13 0)|(17 1 0)|(8 9 0)|(0 24 0)|(25 26 0)|(4 28 0)|(22 30 0)|(10 18 0)|
(13 5 0)|(29 21 0)|(22 6 0)|(30 14 0)|(24 8 0)|(7 15 0)|(31 27 0)|(20 4 0)|(9 1 0)|(26 10 0)|(3 19 0)|(12 28 0)|(18 2 0)|(25 17 0)|(23 11 0)|(16 0 0)|
CNOT: 129, depth: 14 and cost function: norm with Lp and p value: 3 occurs in 0
