30, 14, 1
CNOT: 121
15, 7, 1
CNOT: 121
31, 23, 1
CNOT: 121
22, 6, 1
CNOT: 121
4, 20, 1
CNOT: 121
29, 13, 1
CNOT: 121
5, 21, 1
CNOT: 121
3, 19, 1
CNOT: 121
11, 27, 1
CNOT: 121
28, 12, 1
CNOT: 121
2, 26, 1
CNOT: 121
1, 25, 1
CNOT: 121
17, 9, 1
CNOT: 121
24, 8, 1
CNOT: 121
18, 10, 1
CNOT: 121
16, 0, 1
CNOT: 121
23, 7, 1
CNOT: 121
29, 5, 1
CNOT: 121
20, 12, 1
CNOT: 121
2, 18, 1
CNOT: 121
19, 27, 1
CNOT: 121
30, 22, 1
CNOT: 121
17, 1, 1
CNOT: 121
8, 0, 1
CNOT: 121
13, 21, 1
CNOT: 121
4, 28, 1
CNOT: 121
10, 26, 1
CNOT: 121
6, 14, 1
CNOT: 121
9, 31, 1
CNOT: 121
25, 15, 1
CNOT: 121
16, 24, 1
CNOT: 121
14, 13, 1
CNOT: 121
7, 6, 1
CNOT: 121
8, 23, 1
CNOT: 121
21, 20, 1
CNOT: 121
27, 3, 1
CNOT: 121
0, 15, 1
CNOT: 121
26, 1, 1
CNOT: 121
25, 9, 1
CNOT: 121
11, 2, 1
CNOT: 121
18, 31, 1
CNOT: 121
5, 4, 1
CNOT: 121
12, 19, 1
CNOT: 121
31, 22, 1
CNOT: 121
0, 16, 1
CNOT: 121
6, 5, 1
CNOT: 121
9, 17, 1
CNOT: 121
12, 2, 1
CNOT: 121
13, 28, 1
CNOT: 121
18, 15, 1
CNOT: 121
19, 23, 1
CNOT: 121
27, 12, 1
CNOT: 121
15, 22, 1
CNOT: 121
20, 2, 1
CNOT: 121
24, 31, 1
CNOT: 121
12, 23, 1
CNOT: 121
31, 20, 0
CNOT: 121
22, 12, 0
CNOT: 121
15, 11, 0
CNOT: 121
31, 3, 0
CNOT: 121
28, 21, 0
CNOT: 121
23, 20, 0
CNOT: 121
18, 27, 0
CNOT: 121
11, 12, 0
CNOT: 121
2, 19, 0
CNOT: 121
15, 24, 0
CNOT: 121
12, 27, 0
CNOT: 121
31, 7, 0
CNOT: 121
30, 14, 0
CNOT: 121
29, 21, 0
CNOT: 121
23, 1, 0
CNOT: 121
10, 19, 0
CNOT: 121
8, 9, 0
CNOT: 121
4, 6, 0
CNOT: 121
2, 3, 0
CNOT: 121
25, 18, 0
CNOT: 121
24, 16, 0
CNOT: 121
11, 28, 0
CNOT: 121
15, 7, 0
CNOT: 121
11, 20, 0
CNOT: 121
9, 25, 0
CNOT: 121
4, 12, 0
CNOT: 121
2, 26, 0
CNOT: 121
5, 13, 0
CNOT: 121
3, 28, 0
CNOT: 121
17, 10, 0
CNOT: 121
24, 1, 0
CNOT: 121
29, 22, 0
CNOT: 121
30, 23, 0
CNOT: 121
12, 20, 0
CNOT: 121
14, 6, 0
CNOT: 121
26, 10, 0
CNOT: 121
28, 4, 0
CNOT: 121
24, 25, 0
CNOT: 121
16, 9, 0
CNOT: 121
31, 11, 0
CNOT: 121
21, 5, 0
CNOT: 121
0, 8, 0
CNOT: 121
27, 19, 0
CNOT: 121
1, 17, 0
CNOT: 121
18, 2, 0
CNOT: 121
22, 30, 0
CNOT: 121
15, 3, 0
CNOT: 121
7, 23, 0
CNOT: 121
13, 29, 0
CNOT: 121
25, 1, 0
CNOT: 121
0, 16, 0
CNOT: 121
9, 17, 0
CNOT: 121
10, 18, 0
CNOT: 121
27, 11, 0
CNOT: 121
19, 3, 0
CNOT: 121
26, 2, 0
CNOT: 121
23, 31, 0
CNOT: 121
12, 28, 0
CNOT: 121
7, 15, 0
CNOT: 121
20, 4, 0
CNOT: 121
8, 24, 0
CNOT: 121
14, 30, 0
CNOT: 121
6, 22, 0
CNOT: 121
21, 29, 0
CNOT: 121
5, 13, 0
CNOT: 121
30, 14, 1
CNOT: 121
15, 7, 1
CNOT: 121
31, 23, 1
CNOT: 121
22, 6, 1
CNOT: 121
4, 20, 1
CNOT: 121
29, 13, 1
CNOT: 121
5, 21, 1
CNOT: 121
3, 19, 1
CNOT: 121
11, 27, 1
CNOT: 121
28, 12, 1
CNOT: 121
2, 26, 1
CNOT: 121
1, 25, 1
CNOT: 121
17, 9, 1
CNOT: 121
24, 8, 1
CNOT: 121
18, 10, 1
CNOT: 121
16, 0, 1
CNOT: 121
23, 7, 1
CNOT: 121
29, 5, 1
CNOT: 121
20, 12, 1
CNOT: 121
2, 18, 1
CNOT: 121
19, 27, 1
CNOT: 121
30, 22, 1
CNOT: 121
17, 1, 1
CNOT: 121
8, 0, 1
CNOT: 121
13, 21, 1
CNOT: 121
4, 28, 1
CNOT: 121
10, 26, 1
CNOT: 121
6, 14, 1
CNOT: 121
9, 31, 1
CNOT: 121
25, 15, 1
CNOT: 121
16, 24, 1
CNOT: 121
14, 13, 1
CNOT: 121
7, 6, 1
CNOT: 121
8, 23, 1
CNOT: 121
21, 20, 1
CNOT: 121
27, 3, 1
CNOT: 121
0, 15, 1
CNOT: 121
26, 1, 1
CNOT: 121
25, 9, 1
CNOT: 121
11, 2, 1
CNOT: 121
18, 31, 1
CNOT: 121
5, 4, 1
CNOT: 121
12, 19, 1
CNOT: 121
31, 22, 1
CNOT: 121
0, 16, 1
CNOT: 121
6, 5, 1
CNOT: 121
9, 17, 1
CNOT: 121
12, 2, 1
CNOT: 121
13, 28, 1
CNOT: 121
18, 15, 1
CNOT: 121
19, 23, 1
CNOT: 121
27, 12, 1
CNOT: 121
15, 22, 1
CNOT: 121
20, 2, 1
CNOT: 121
24, 31, 1
CNOT: 121
12, 23, 1
CNOT: 121
31, 20, 0
CNOT: 121
22, 12, 0
CNOT: 121
15, 11, 0
CNOT: 121
31, 3, 0
CNOT: 121
28, 21, 0
CNOT: 121
23, 20, 0
CNOT: 121
18, 27, 0
CNOT: 121
11, 12, 0
CNOT: 121
2, 19, 0
CNOT: 121
15, 24, 0
CNOT: 121
12, 27, 0
CNOT: 121
31, 7, 0
CNOT: 121
30, 14, 0
CNOT: 121
29, 21, 0
CNOT: 121
23, 1, 0
CNOT: 121
10, 19, 0
CNOT: 121
8, 9, 0
CNOT: 121
4, 6, 0
CNOT: 121
2, 3, 0
CNOT: 121
25, 18, 0
CNOT: 121
24, 16, 0
CNOT: 121
11, 28, 0
CNOT: 121
15, 7, 0
CNOT: 121
11, 20, 0
CNOT: 121
9, 25, 0
CNOT: 121
4, 12, 0
CNOT: 121
2, 26, 0
CNOT: 121
5, 13, 0
CNOT: 121
3, 28, 0
CNOT: 121
17, 10, 0
CNOT: 121
24, 1, 0
CNOT: 121
29, 22, 0
CNOT: 121
30, 23, 0
CNOT: 121
12, 20, 0
CNOT: 121
14, 6, 0
CNOT: 121
26, 10, 0
CNOT: 121
28, 4, 0
CNOT: 121
24, 25, 0
CNOT: 121
16, 9, 0
CNOT: 121
31, 11, 0
CNOT: 121
21, 5, 0
CNOT: 121
0, 8, 0
CNOT: 121
27, 19, 0
CNOT: 121
1, 17, 0
CNOT: 121
18, 2, 0
CNOT: 121
22, 30, 0
CNOT: 121
15, 3, 0
CNOT: 121
7, 23, 0
CNOT: 121
13, 29, 0
CNOT: 121
25, 1, 0
CNOT: 121
0, 16, 0
CNOT: 121
9, 17, 0
CNOT: 121
10, 18, 0
CNOT: 121
27, 11, 0
CNOT: 121
19, 3, 0
CNOT: 121
26, 2, 0
CNOT: 121
23, 31, 0
CNOT: 121
12, 28, 0
CNOT: 121
7, 15, 0
CNOT: 121
20, 4, 0
CNOT: 121
8, 24, 0
CNOT: 121
14, 30, 0
CNOT: 121
6, 22, 0
CNOT: 121
21, 29, 0
CNOT: 121
5, 13, 0
CNOT: 121
30, 14, 1
CNOT: 121
15, 7, 1
CNOT: 121
31, 23, 1
CNOT: 121
22, 6, 1
CNOT: 121
4, 20, 1
CNOT: 121
29, 13, 1
CNOT: 121
5, 21, 1
CNOT: 121
3, 19, 1
CNOT: 121
11, 27, 1
CNOT: 121
28, 12, 1
CNOT: 121
2, 26, 1
CNOT: 121
1, 25, 1
CNOT: 121
17, 9, 1
CNOT: 121
24, 8, 1
CNOT: 121
18, 10, 1
CNOT: 121
16, 0, 1
CNOT: 121
23, 7, 1
CNOT: 121
29, 5, 1
CNOT: 121
20, 12, 1
CNOT: 121
2, 18, 1
CNOT: 121
19, 27, 1
CNOT: 121
30, 22, 1
CNOT: 121
17, 1, 1
CNOT: 121
8, 0, 1
CNOT: 121
13, 21, 1
CNOT: 121
4, 28, 1
CNOT: 121
10, 26, 1
CNOT: 121
6, 14, 1
CNOT: 121
9, 31, 1
CNOT: 121
25, 15, 1
CNOT: 121
16, 24, 1
CNOT: 121
14, 13, 1
CNOT: 121
7, 6, 1
CNOT: 121
8, 23, 1
CNOT: 121
21, 20, 1
CNOT: 121
27, 3, 1
CNOT: 121
0, 15, 1
CNOT: 121
26, 1, 1
CNOT: 121
25, 9, 1
CNOT: 121
11, 2, 1
CNOT: 121
18, 31, 1
CNOT: 121
5, 4, 1
CNOT: 121
12, 19, 1
CNOT: 121
31, 22, 1
CNOT: 121
0, 16, 1
CNOT: 121
6, 5, 1
CNOT: 121
9, 17, 1
CNOT: 121
12, 2, 1
CNOT: 121
13, 28, 1
CNOT: 121
18, 15, 1
CNOT: 121
19, 23, 1
CNOT: 121
27, 12, 1
CNOT: 121
15, 22, 1
CNOT: 121
20, 2, 1
CNOT: 121
24, 31, 1
CNOT: 121
12, 23, 1
CNOT: 121
31, 20, 0
CNOT: 121
22, 12, 0
CNOT: 121
15, 11, 0
CNOT: 121
31, 3, 0
CNOT: 121
28, 21, 0
CNOT: 121
23, 20, 0
CNOT: 121
18, 27, 0
CNOT: 121
11, 12, 0
CNOT: 121
2, 19, 0
CNOT: 121
15, 24, 0
CNOT: 121
12, 27, 0
CNOT: 121
31, 7, 0
CNOT: 121
30, 14, 0
CNOT: 121
29, 21, 0
CNOT: 121
23, 1, 0
CNOT: 121
10, 19, 0
CNOT: 121
8, 9, 0
CNOT: 121
4, 6, 0
CNOT: 121
2, 3, 0
CNOT: 121
25, 18, 0
CNOT: 121
24, 16, 0
CNOT: 121
11, 28, 0
CNOT: 121
15, 7, 0
CNOT: 121
11, 20, 0
CNOT: 121
9, 25, 0
CNOT: 121
4, 12, 0
CNOT: 121
2, 26, 0
CNOT: 121
5, 13, 0
CNOT: 121
3, 28, 0
CNOT: 121
17, 10, 0
CNOT: 121
24, 1, 0
CNOT: 121
29, 22, 0
CNOT: 121
30, 23, 0
CNOT: 121
12, 20, 0
CNOT: 121
14, 6, 0
CNOT: 121
26, 10, 0
CNOT: 121
28, 4, 0
CNOT: 121
24, 25, 0
CNOT: 121
16, 9, 0
CNOT: 121
31, 11, 0
CNOT: 121
21, 5, 0
CNOT: 121
0, 8, 0
CNOT: 121
27, 19, 0
CNOT: 121
1, 17, 0
CNOT: 121
18, 2, 0
CNOT: 121
22, 30, 0
CNOT: 121
15, 3, 0
CNOT: 121
7, 23, 0
CNOT: 121
13, 29, 0
CNOT: 121
25, 1, 0
CNOT: 121
0, 16, 0
CNOT: 121
9, 17, 0
CNOT: 121
10, 18, 0
CNOT: 121
27, 11, 0
CNOT: 121
19, 3, 0
CNOT: 121
26, 2, 0
CNOT: 121
23, 31, 0
CNOT: 121
12, 28, 0
CNOT: 121
7, 15, 0
CNOT: 121
20, 4, 0
CNOT: 121
8, 24, 0
CNOT: 121
14, 30, 0
CNOT: 121
6, 22, 0
CNOT: 121
21, 29, 0
CNOT: 121
5, 13, 0
CNOT: 121
30, 14, 1
CNOT: 121
15, 7, 1
CNOT: 121
31, 23, 1
CNOT: 121
22, 6, 1
CNOT: 121
4, 20, 1
CNOT: 121
29, 13, 1
CNOT: 121
5, 21, 1
CNOT: 121
3, 19, 1
CNOT: 121
11, 27, 1
CNOT: 121
28, 12, 1
CNOT: 121
2, 26, 1
CNOT: 121
1, 25, 1
CNOT: 121
17, 9, 1
CNOT: 121
24, 8, 1
CNOT: 121
18, 10, 1
CNOT: 121
16, 0, 1
CNOT: 121
23, 7, 1
CNOT: 121
29, 5, 1
CNOT: 121
20, 12, 1
CNOT: 121
2, 18, 1
CNOT: 121
19, 27, 1
CNOT: 121
30, 22, 1
CNOT: 121
17, 1, 1
CNOT: 121
8, 0, 1
CNOT: 121
13, 21, 1
CNOT: 121
4, 28, 1
CNOT: 121
10, 26, 1
CNOT: 121
6, 14, 1
CNOT: 121
9, 31, 1
CNOT: 121
25, 15, 1
CNOT: 121
16, 24, 1
CNOT: 121
14, 13, 1
CNOT: 121
7, 6, 1
CNOT: 121
8, 23, 1
CNOT: 121
21, 20, 1
CNOT: 121
27, 3, 1
CNOT: 121
0, 15, 1
CNOT: 121
26, 1, 1
CNOT: 121
25, 9, 1
CNOT: 121
11, 2, 1
CNOT: 121
18, 31, 1
CNOT: 121
5, 4, 1
CNOT: 121
12, 19, 1
CNOT: 121
31, 22, 1
CNOT: 121
0, 16, 1
CNOT: 121
6, 5, 1
CNOT: 121
9, 17, 1
CNOT: 121
12, 2, 1
CNOT: 121
13, 28, 1
CNOT: 121
18, 15, 1
CNOT: 121
19, 23, 1
CNOT: 121
27, 12, 1
CNOT: 121
15, 22, 1
CNOT: 121
20, 2, 1
CNOT: 121
24, 31, 1
CNOT: 121
12, 23, 1
CNOT: 121
31, 20, 0
CNOT: 121
22, 12, 0
CNOT: 121
15, 11, 0
CNOT: 121
31, 3, 0
CNOT: 121
28, 21, 0
CNOT: 121
23, 20, 0
CNOT: 121
18, 27, 0
CNOT: 121
11, 12, 0
CNOT: 121
2, 19, 0
CNOT: 121
15, 24, 0
CNOT: 121
12, 27, 0
CNOT: 121
31, 7, 0
CNOT: 121
30, 14, 0
CNOT: 121
29, 21, 0
CNOT: 121
23, 1, 0
CNOT: 121
10, 19, 0
CNOT: 121
8, 9, 0
CNOT: 121
4, 6, 0
CNOT: 121
2, 3, 0
CNOT: 121
25, 18, 0
CNOT: 121
24, 16, 0
CNOT: 121
11, 28, 0
CNOT: 121
15, 7, 0
CNOT: 121
11, 20, 0
CNOT: 121
9, 25, 0
CNOT: 121
4, 12, 0
CNOT: 121
2, 26, 0
CNOT: 121
5, 13, 0
CNOT: 121
3, 28, 0
CNOT: 121
17, 10, 0
CNOT: 121
24, 1, 0
CNOT: 121
29, 22, 0
CNOT: 121
30, 23, 0
CNOT: 121
12, 20, 0
CNOT: 121
14, 6, 0
CNOT: 121
26, 10, 0
CNOT: 121
28, 4, 0
CNOT: 121
24, 25, 0
CNOT: 121
16, 9, 0
CNOT: 121
31, 11, 0
CNOT: 121
21, 5, 0
CNOT: 121
0, 8, 0
CNOT: 121
27, 19, 0
CNOT: 121
1, 17, 0
CNOT: 121
18, 2, 0
CNOT: 121
22, 30, 0
CNOT: 121
15, 3, 0
CNOT: 121
7, 23, 0
CNOT: 121
13, 29, 0
CNOT: 121
25, 1, 0
CNOT: 121
0, 16, 0
CNOT: 121
9, 17, 0
CNOT: 121
10, 18, 0
CNOT: 121
27, 11, 0
CNOT: 121
19, 3, 0
CNOT: 121
26, 2, 0
CNOT: 121
23, 31, 0
CNOT: 121
12, 28, 0
CNOT: 121
7, 15, 0
CNOT: 121
20, 4, 0
CNOT: 121
8, 24, 0
CNOT: 121
14, 30, 0
CNOT: 121
6, 22, 0
CNOT: 121
21, 29, 0
CNOT: 121
5, 13, 0
CNOT: 121
30, 14, 1
CNOT: 121
15, 7, 1
CNOT: 121
31, 23, 1
CNOT: 121
22, 6, 1
CNOT: 121
4, 20, 1
CNOT: 121
29, 13, 1
CNOT: 121
5, 21, 1
CNOT: 121
3, 19, 1
CNOT: 121
11, 27, 1
CNOT: 121
28, 12, 1
CNOT: 121
2, 26, 1
CNOT: 121
1, 25, 1
CNOT: 121
17, 9, 1
CNOT: 121
24, 8, 1
CNOT: 121
18, 10, 1
CNOT: 121
16, 0, 1
CNOT: 121
23, 7, 1
CNOT: 121
29, 5, 1
CNOT: 121
20, 12, 1
CNOT: 121
2, 18, 1
CNOT: 121
19, 27, 1
CNOT: 121
30, 22, 1
CNOT: 121
17, 1, 1
CNOT: 121
8, 0, 1
CNOT: 121
13, 21, 1
CNOT: 121
4, 28, 1
CNOT: 121
10, 26, 1
CNOT: 121
6, 14, 1
CNOT: 121
9, 31, 1
CNOT: 121
25, 15, 1
CNOT: 121
16, 24, 1
CNOT: 121
14, 13, 1
CNOT: 121
7, 6, 1
CNOT: 121
8, 23, 1
CNOT: 121
21, 20, 1
CNOT: 121
27, 3, 1
CNOT: 121
0, 15, 1
CNOT: 121
26, 1, 1
CNOT: 121
25, 9, 1
CNOT: 121
11, 2, 1
CNOT: 121
18, 31, 1
CNOT: 121
5, 4, 1
CNOT: 121
12, 19, 1
CNOT: 121
31, 22, 1
CNOT: 121
0, 16, 1
CNOT: 121
6, 5, 1
CNOT: 121
9, 17, 1
CNOT: 121
12, 2, 1
CNOT: 121
13, 28, 1
CNOT: 121
18, 15, 1
CNOT: 121
19, 23, 1
CNOT: 121
27, 12, 1
CNOT: 121
15, 22, 1
CNOT: 121
20, 2, 1
CNOT: 121
24, 31, 1
CNOT: 121
12, 23, 1
CNOT: 121
31, 20, 0
CNOT: 121
22, 12, 0
CNOT: 121
15, 11, 0
CNOT: 121
31, 3, 0
CNOT: 121
28, 21, 0
CNOT: 121
23, 20, 0
CNOT: 121
18, 27, 0
CNOT: 121
11, 12, 0
CNOT: 121
2, 19, 0
CNOT: 121
15, 24, 0
CNOT: 121
12, 27, 0
CNOT: 121
31, 7, 0
CNOT: 121
30, 14, 0
CNOT: 121
29, 21, 0
CNOT: 121
23, 1, 0
CNOT: 121
10, 19, 0
CNOT: 121
8, 9, 0
CNOT: 121
4, 6, 0
CNOT: 121
2, 3, 0
CNOT: 121
25, 18, 0
CNOT: 121
24, 16, 0
CNOT: 121
11, 28, 0
CNOT: 121
15, 7, 0
CNOT: 121
11, 20, 0
CNOT: 121
9, 25, 0
CNOT: 121
4, 12, 0
CNOT: 121
2, 26, 0
CNOT: 121
5, 13, 0
CNOT: 121
3, 28, 0
CNOT: 121
17, 10, 0
CNOT: 121
24, 1, 0
CNOT: 121
29, 22, 0
CNOT: 121
30, 23, 0
CNOT: 121
12, 20, 0
CNOT: 121
14, 6, 0
CNOT: 121
26, 10, 0
CNOT: 121
28, 4, 0
CNOT: 121
24, 25, 0
CNOT: 121
16, 9, 0
CNOT: 121
31, 11, 0
CNOT: 121
21, 5, 0
CNOT: 121
0, 8, 0
CNOT: 121
27, 19, 0
CNOT: 121
1, 17, 0
CNOT: 121
18, 2, 0
CNOT: 121
22, 30, 0
CNOT: 121
15, 3, 0
CNOT: 121
7, 23, 0
CNOT: 121
13, 29, 0
CNOT: 121
25, 1, 0
CNOT: 121
0, 16, 0
CNOT: 121
9, 17, 0
CNOT: 121
10, 18, 0
CNOT: 121
27, 11, 0
CNOT: 121
19, 3, 0
CNOT: 121
26, 2, 0
CNOT: 121
23, 31, 0
CNOT: 121
12, 28, 0
CNOT: 121
7, 15, 0
CNOT: 121
20, 4, 0
CNOT: 121
8, 24, 0
CNOT: 121
14, 30, 0
CNOT: 121
6, 22, 0
CNOT: 121
21, 29, 0
CNOT: 121
5, 13, 0
CNOT: 121
30, 14, 1
CNOT: 121
15, 7, 1
CNOT: 121
31, 23, 1
CNOT: 121
22, 6, 1
CNOT: 121
4, 20, 1
CNOT: 121
29, 13, 1
CNOT: 121
5, 21, 1
CNOT: 121
3, 19, 1
CNOT: 121
11, 27, 1
CNOT: 121
28, 12, 1
CNOT: 121
2, 26, 1
CNOT: 121
1, 25, 1
CNOT: 121
17, 9, 1
CNOT: 121
24, 8, 1
CNOT: 121
18, 10, 1
CNOT: 121
16, 0, 1
CNOT: 121
23, 7, 1
CNOT: 121
29, 5, 1
CNOT: 121
20, 12, 1
CNOT: 121
2, 18, 1
CNOT: 121
19, 27, 1
CNOT: 121
30, 22, 1
CNOT: 121
17, 1, 1
CNOT: 121
8, 0, 1
CNOT: 121
13, 21, 1
CNOT: 121
4, 28, 1
CNOT: 121
10, 26, 1
CNOT: 121
6, 14, 1
CNOT: 121
9, 31, 1
CNOT: 121
25, 15, 1
CNOT: 121
16, 24, 1
CNOT: 121
14, 13, 1
CNOT: 121
7, 6, 1
CNOT: 121
8, 23, 1
CNOT: 121
21, 20, 1
CNOT: 121
27, 3, 1
CNOT: 121
0, 15, 1
CNOT: 121
26, 1, 1
CNOT: 121
25, 9, 1
CNOT: 121
11, 2, 1
CNOT: 121
18, 31, 1
CNOT: 121
5, 4, 1
CNOT: 121
12, 19, 1
CNOT: 121
31, 22, 1
CNOT: 121
0, 16, 1
CNOT: 121
6, 5, 1
CNOT: 121
9, 17, 1
CNOT: 121
12, 2, 1
CNOT: 121
13, 28, 1
CNOT: 121
18, 15, 1
CNOT: 121
19, 23, 1
CNOT: 121
27, 12, 1
CNOT: 121
15, 22, 1
CNOT: 121
20, 2, 1
CNOT: 121
24, 31, 1
CNOT: 121
12, 23, 1
CNOT: 121
31, 20, 0
CNOT: 121
22, 12, 0
CNOT: 121
15, 11, 0
CNOT: 121
31, 3, 0
CNOT: 121
28, 21, 0
CNOT: 121
23, 20, 0
CNOT: 121
18, 27, 0
CNOT: 121
11, 12, 0
CNOT: 121
2, 19, 0
CNOT: 121
15, 24, 0
CNOT: 121
12, 27, 0
CNOT: 121
31, 7, 0
CNOT: 121
30, 14, 0
CNOT: 121
29, 21, 0
CNOT: 121
23, 1, 0
CNOT: 121
10, 19, 0
CNOT: 121
8, 9, 0
CNOT: 121
4, 6, 0
CNOT: 121
2, 3, 0
CNOT: 121
25, 18, 0
CNOT: 121
24, 16, 0
CNOT: 121
11, 28, 0
CNOT: 121
15, 7, 0
CNOT: 121
11, 20, 0
CNOT: 121
9, 25, 0
CNOT: 121
4, 12, 0
CNOT: 121
2, 26, 0
CNOT: 121
5, 13, 0
CNOT: 121
3, 28, 0
CNOT: 121
17, 10, 0
CNOT: 121
24, 1, 0
CNOT: 121
29, 22, 0
CNOT: 121
30, 23, 0
CNOT: 121
12, 20, 0
CNOT: 121
14, 6, 0
CNOT: 121
26, 10, 0
CNOT: 121
28, 4, 0
CNOT: 121
24, 25, 0
CNOT: 121
16, 9, 0
CNOT: 121
31, 11, 0
CNOT: 121
21, 5, 0
CNOT: 121
0, 8, 0
CNOT: 121
27, 19, 0
CNOT: 121
1, 17, 0
CNOT: 121
18, 2, 0
CNOT: 121
22, 30, 0
CNOT: 121
15, 3, 0
CNOT: 121
7, 23, 0
CNOT: 121
13, 29, 0
CNOT: 121
25, 1, 0
CNOT: 121
0, 16, 0
CNOT: 121
9, 17, 0
CNOT: 121
10, 18, 0
CNOT: 121
27, 11, 0
CNOT: 121
19, 3, 0
CNOT: 121
26, 2, 0
CNOT: 121
23, 31, 0
CNOT: 121
12, 28, 0
CNOT: 121
7, 15, 0
CNOT: 121
20, 4, 0
CNOT: 121
8, 24, 0
CNOT: 121
14, 30, 0
CNOT: 121
6, 22, 0
CNOT: 121
21, 29, 0
CNOT: 121
5, 13, 0
CNOT: 121
