30 17 15 19 
15 17 7 31 
7 15 22 30 
30 7 15 27 23 19 22 17 
7 1 15 25 0 16 22 6 4 20 30 23 
7 2 15 0 31 23 6 27 28 4 26 3 17 1 
23 15 7 18 12 28 6 4 10 26 24 16 11 27 30 22 17 2 0 1 
15 10 18 3 31 24 23 7 13 5 6 12 22 14 11 19 8 16 9 1 29 21 4 27 28 20 25 2 
14 15 21 30 3 4 23 11 6 19 13 29 24 8 28 5 25 17 7 9 31 27 18 10 12 20 0 1 
3 13 28 21 6 15 25 9 26 19 10 11 14 31 17 18 22 30 23 8 12 20 0 1 
19 3 5 21 8 17 6 7 20 12 26 2 27 11 4 13 14 23 24 16 15 31 0 1 28 22 10 9 
21 6 19 28 26 12 14 3 31 7 1 25 17 10 20 13 2 18 5 29 0 24 4 11 
25 26 21 14 11 28 18 3 29 22 27 4 1 17 16 0 6 13 20 5 7 8 9 10 19 12 
29 21 24 1 0 17 27 20 13 5 4 19 3 11 10 25 26 18 14 30 6 22 16 8 2 9 12 28 
13 21 5 29 30 6 22 14 31 4 23 11 7 19 15 3 8 0 1 25 12 20 9 26 28 27 2 18 17 10 16 24 
CNOT: 142, depth: 15
15 19 7 23 
23 15 19 11 17 3 
23 10 17 19 6 14 31 11 7 15 
14 19 23 1 31 17 28 4 26 24 20 12 7 8 15 11 
14 31 23 26 3 27 7 17 4 12 28 19 15 9 10 11 13 29 2 18 16 24 6 22 
23 31 15 3 30 6 22 16 4 13 20 19 14 7 17 28 2 11 26 10 
22 4 27 28 15 23 26 2 6 14 31 9 10 20 7 3 25 1 21 5 29 13 17 11 16 24 
4 21 28 20 22 27 14 13 31 2 5 29 23 25 15 7 19 3 6 8 26 24 17 9 
29 6 20 4 21 30 22 31 14 15 1 26 10 18 11 19 23 0 24 16 17 2 7 9 
29 23 4 21 31 15 9 1 12 28 14 20 17 27 0 16 8 24 10 19 22 11 7 2 26 18 6 30 
29 22 12 4 1 17 14 7 5 6 19 20 18 26 2 11 10 27 0 8 9 25 15 24 31 23 
29 14 26 20 11 4 24 9 1 10 3 19 12 5 25 2 16 0 13 30 27 21 22 23 7 8 
5 29 0 17 8 25 3 12 9 1 20 11 19 27 10 26 22 21 14 13 18 2 30 6 16 24 28 4 
21 5 13 29 6 14 30 22 31 27 7 20 23 19 15 11 2 26 4 12 24 0 25 1 18 10 28 3 17 9 16 8 
CNOT: 147, depth: 14
31 15 
10 3 31 23 
7 31 11 19 30 6 28 20 10 26 
6 7 2 10 15 11 4 28 31 8 22 13 30 14 
7 11 31 10 14 28 13 5 18 26 17 24 23 8 15 19 2 3 4 20 
28 13 31 17 7 27 10 11 25 9 18 2 12 20 21 29 23 19 6 30 22 5 
11 4 28 21 17 1 7 3 30 22 31 9 16 8 12 19 23 15 2 10 14 27 18 26 5 13 
11 12 15 7 17 25 22 28 10 27 31 18 0 8 23 16 1 9 30 5 29 21 3 4 14 13 
27 28 29 30 1 10 7 31 25 18 16 0 22 11 23 8 14 3 19 12 17 9 
28 29 0 25 14 31 15 1 2 11 7 23 20 19 22 3 5 13 16 8 10 18 17 24 
26 2 3 29 22 23 14 15 5 30 27 12 8 24 25 1 11 28 31 0 4 19 10 18 17 9 
30 14 13 6 9 25 22 0 23 15 24 16 1 17 20 4 2 27 12 29 3 11 26 10 
30 22 16 1 20 13 12 3 11 27 9 26 2 18 8 17 5 6 15 0 19 29 14 21 28 4 
29 30 27 12 4 28 8 16 19 20 3 11 21 6 17 25 26 2 1 9 22 13 14 5 18 10 24 0 
21 29 13 30 5 22 6 14 31 12 7 27 15 11 23 3 18 2 17 9 24 16 28 20 10 26 0 8 25 1 4 19 
CNOT: 153, depth: 15
30 27 15 25 11 8 31 9 
23 11 6 30 15 9 7 27 26 10 
7 23 30 14 8 19 15 11 2 9 26 17 31 25 6 27 
30 31 26 9 2 18 6 22 7 15 11 8 23 27 
15 26 27 11 23 24 22 31 2 17 0 16 20 12 7 30 6 14 25 9 8 19 
23 25 22 2 30 26 31 11 15 16 14 3 28 20 8 24 29 13 9 17 
17 1 22 20 31 23 14 27 15 3 6 29 26 2 21 5 16 24 30 7 8 19 28 12 
24 17 11 20 15 27 23 30 21 29 13 5 4 12 22 28 10 26 2 3 16 25 8 19 
5 6 11 21 28 4 22 16 14 7 10 19 15 31 23 2 24 8 25 17 12 20 13 29 
24 26 5 7 20 28 21 6 22 19 23 17 2 27 11 4 15 0 31 16 10 3 30 25 13 29 
3 11 5 15 24 2 20 21 14 23 19 28 12 4 13 6 22 29 16 26 31 17 10 18 30 25 
19 20 5 22 14 11 12 21 1 25 18 26 17 2 29 6 10 28 31 30 23 15 0 8 3 27 13 7 
5 14 26 10 18 11 19 3 12 13 24 0 27 20 8 25 4 6 29 7 30 16 17 1 9 2 22 15 
13 5 1 10 3 27 25 2 11 19 20 12 28 4 8 24 9 18 22 21 14 29 0 16 17 26 
21 5 6 13 29 22 7 14 31 19 23 27 15 3 30 11 10 9 0 24 26 18 4 20 25 1 28 12 16 8 2 17 
15 31 27 16 
31 27 30 14 15 23 
31 24 6 22 4 28 30 7 18 25 23 27 8 11 
14 6 23 8 31 7 25 17 12 4 10 26 18 9 19 11 16 27 15 24 
31 25 14 4 22 3 23 9 20 19 18 10 13 29 6 7 27 16 8 11 15 24 12 28 
7 15 16 19 14 13 31 10 22 4 23 1 9 25 21 5 20 28 18 2 8 24 30 6 
7 23 10 16 22 21 14 20 4 13 31 18 12 11 24 25 6 15 9 1 
11 20 29 30 23 24 4 21 26 16 2 3 31 0 22 12 14 6 7 10 25 9 
25 18 5 29 20 4 22 6 23 31 26 12 2 16 1 9 10 3 8 27 14 7 15 0 11 19 
29 14 13 30 3 16 2 20 26 4 25 10 27 9 11 12 31 15 17 1 22 23 5 21 
29 31 0 27 1 25 4 13 12 3 22 7 28 11 5 6 15 16 19 20 2 26 24 10 17 18 
28 5 29 22 16 4 9 25 3 20 1 2 15 24 27 8 26 17 21 30 12 13 19 11 14 31 
5 29 8 25 18 1 19 28 3 16 20 12 2 26 14 21 24 0 22 13 17 10 30 6 11 4 
21 5 13 29 30 14 6 22 7 12 23 16 15 3 31 20 9 18 0 8 27 24 10 26 11 19 17 2 4 28 25 1 
11 27 
15 11 23 12 30 14 
6 30 11 12 31 16 0 8 15 27 
30 11 15 0 25 9 28 4 23 16 31 27 26 18 10 17 6 14 
27 4 7 15 8 10 30 23 18 2 31 0 20 28 19 12 25 17 6 14 
18 11 14 27 22 6 23 19 8 25 28 3 24 0 5 13 21 29 7 31 9 17 20 4 26 2 
6 15 19 3 28 21 10 1 0 8 18 9 31 23 14 2 30 7 22 13 20 4 11 27 
8 26 28 5 18 19 0 10 2 11 14 20 15 23 22 29 31 24 9 17 25 1 7 3 6 30 
11 28 23 8 5 22 25 18 27 20 6 21 31 7 13 29 14 2 10 26 1 17 
6 23 28 22 13 5 8 25 31 18 1 10 2 27 14 11 19 20 17 9 7 16 
26 2 9 10 29 13 19 28 14 25 5 30 27 22 23 31 6 11 20 12 7 16 
29 6 16 0 14 23 22 5 3 28 4 20 9 25 15 7 2 11 27 19 26 1 
29 14 21 30 9 26 19 11 28 27 2 1 4 5 17 18 7 8 0 24 12 20 23 15 13 22 
5 29 24 18 10 9 12 22 27 19 20 3 11 28 17 2 6 21 14 13 8 16 1 26 15 25 
21 29 22 5 30 14 13 6 23 19 15 11 7 28 31 27 16 24 26 2 18 10 0 8 25 9 3 4 20 12 1 17 
CNOT: 152, depth: 15
15 24 
7 15 
15 31 26 2 7 16 
15 23 7 11 26 18 6 22 
31 27 15 2 30 6 11 3 18 19 23 16 4 28 14 22 7 24 
6 11 15 19 28 20 16 24 14 30 26 10 23 31 2 27 7 3 
2 11 30 28 6 27 26 17 15 18 13 21 31 16 4 20 14 22 23 19 7 24 
11 28 31 7 6 19 15 26 13 5 30 27 16 24 14 22 4 20 2 18 
26 1 29 13 6 7 19 11 15 3 9 17 31 2 12 20 30 4 8 16 5 21 27 28 23 24 14 22 
11 29 22 7 5 14 17 26 24 8 31 9 18 12 15 25 30 3 21 13 6 23 20 28 
13 6 29 5 8 26 22 31 25 9 3 4 30 7 15 0 18 10 11 12 20 28 17 1 24 16 
13 15 28 29 7 8 22 11 18 3 10 17 1 25 9 2 21 14 27 19 30 5 20 12 24 16 
20 28 13 22 30 8 27 11 23 31 25 17 2 18 0 24 12 4 26 9 3 5 7 15 21 6 
13 30 10 11 3 27 20 21 1 9 16 0 25 18 4 5 31 8 14 6 19 29 22 15 28 12 2 17 
21 13 24 1 16 9 11 3 17 2 4 20 12 28 26 25 27 19 22 14 30 29 18 10 0 8 
5 21 29 13 6 22 14 30 15 19 7 11 23 27 31 3 0 24 17 10 28 20 1 25 9 26 8 16 2 18 12 4 
CNOT: 156, depth: 16
31 23 30 22 29 21 28 25 27 24 26 18 20 17 19 11 16 9 15 7 14 6 13 5 12 4 10 2 8 1 
31 7 30 23 29 22 27 19 26 10 25 24 21 14 18 2 20 17 13 6 12 5 11 3 9 1 0 15 
31 7 30 29 27 24 22 6 21 5 20 4 19 11 14 23 9 25 8 0 2 18 1 17 10 26 3 12 
31 15 30 22 29 21 27 11 25 17 24 9 23 7 20 6 19 14 18 26 16 0 10 1 5 12 28 8 
30 14 28 12 27 31 25 24 23 15 17 18 11 4 9 16 7 29 6 26 13 22 2 0 
30 15 28 25 27 23 26 21 24 17 14 31 13 7 6 20 4 18 2 16 3 1 
28 24 27 18 25 21 23 31 20 30 19 26 7 13 16 17 6 15 2 0 
31 1 28 21 25 0 17 23 16 24 6 26 3 27 
28 31 22 21 6 5 3 26 
28 8 27 31 15 21 
31 3 
13 28 21 2 15 3 4 6 31 16 
19 28 3 27 25 2 23 16 30 11 21 6 15 20 31 1 
19 13 16 25 20 7 3 28 10 27 12 6 30 1 21 14 15 23 26 4 0 2 
14 19 16 28 1 27 22 7 3 6 23 25 11 4 24 17 30 15 26 5 21 2 
29 20 19 6 16 17 9 28 1 14 3 27 25 31 23 4 7 11 8 24 15 22 5 13 26 2 
14 29 28 13 6 11 19 5 9 2 22 20 25 16 23 30 27 4 24 18 0 31 21 7 12 3 
29 27 14 30 6 28 16 17 22 1 20 12 13 11 10 2 25 0 23 5 7 15 8 24 4 19 18 9 21 26 
29 1 14 23 6 13 2 24 16 9 22 27 20 7 3 19 10 26 25 8 17 0 12 28 15 11 
29 14 28 20 6 13 19 3 2 10 16 8 9 17 1 27 22 23 25 0 7 21 12 15 11 5 24 26 18 31 
CNOT: 209, depth: 20
CNOT: 0, depth: 0
CNOT: 0, depth: 0
CNOT: 0, depth: 0
31 23 30 22 29 21 28 25 27 24 26 18 20 17 19 11 16 9 15 7 14 6 13 5 12 4 10 2 8 1 
31 7 30 23 29 22 27 19 26 10 25 24 21 14 18 2 20 17 13 6 12 5 11 3 9 1 0 15 
31 7 30 29 27 24 22 6 21 5 20 4 19 11 14 23 9 25 8 0 2 18 1 17 10 26 3 12 
31 15 30 22 29 21 27 11 25 17 24 9 23 7 20 6 19 14 18 26 16 0 10 1 5 12 28 8 
30 14 28 12 27 31 25 24 23 15 17 18 11 4 9 16 7 29 6 26 13 22 2 0 
30 15 28 25 27 23 26 21 24 17 14 31 13 7 6 20 4 18 2 16 3 1 
28 24 27 18 25 21 23 31 20 30 19 26 7 13 16 17 6 15 2 0 
31 1 28 21 25 0 17 23 16 24 6 26 3 27 
28 31 22 21 6 5 3 26 
28 8 27 31 15 21 
31 3 
13 28 21 2 15 3 4 6 31 16 
19 28 3 27 25 2 23 16 30 11 21 6 15 20 31 1 
19 13 16 25 20 7 3 28 10 27 12 6 30 1 21 14 15 23 26 4 0 2 
14 19 16 28 1 27 22 7 3 6 23 25 11 4 24 17 30 15 26 5 21 2 
29 20 19 6 16 17 9 28 1 14 3 27 25 31 23 4 7 11 8 24 15 22 5 13 26 2 
14 29 28 13 6 11 19 5 9 2 22 20 25 16 23 30 27 4 24 18 0 31 21 7 12 3 
29 27 14 30 6 28 16 17 22 1 20 12 13 11 10 2 25 0 23 5 7 15 8 24 4 19 18 9 21 26 
29 1 14 23 6 13 2 24 16 9 22 27 20 7 3 19 10 26 25 8 17 0 12 28 15 11 
29 14 28 20 6 13 19 3 2 10 16 8 9 17 1 27 22 23 25 0 7 21 12 15 11 5 24 26 18 31 
CNOT: 209, depth: 20
CNOT: 0, depth: 0
CNOT: 0, depth: 0
CNOT: 0, depth: 0
CNOT: 0, depth: 0
CNOT: 0, depth: 0
CNOT: 0, depth: 0
CNOT: 0, depth: 0
CNOT: 0, depth: 0
14 30 6 22 15 7 31 23 5 13 4 20 21 29 11 27 19 3 2 18 28 12 1 25 24 8 9 17 10 26 16 0 
7 23 13 29 5 21 9 1 3 27 0 15 19 31 8 16 20 28 30 22 25 17 2 10 
17 8 23 30 18 25 22 21 28 4 14 5 1 7 20 3 27 26 16 15 24 31 10 9 19 6 11 2 
23 15 12 3 29 20 26 7 27 18 30 13 17 0 21 4 8 31 24 6 
8 7 12 4 15 6 3 2 13 5 26 1 25 31 
3 11 20 6 25 7 29 12 31 23 27 15 
27 25 3 15 
27 3 
31 27 7 3 6 30 15 25 
19 27 6 25 23 12 5 29 2 20 31 7 15 11 
5 6 11 4 7 12 9 25 10 27 2 19 1 17 14 30 23 16 15 24 
24 1 17 25 10 2 6 7 28 13 5 23 11 20 14 22 9 27 19 4 21 29 31 16 
27 11 21 5 14 7 15 19 29 13 1 9 10 18 4 28 16 25 22 30 24 0 2 26 6 23 
13 5 29 21 22 6 30 14 7 15 31 27 20 4 18 2 3 19 12 28 25 1 8 24 17 9 26 10 23 11 0 16 
CNOT: 130, depth: 14
CNOT: 0, depth: 0
CNOT: 0, depth: 0
CNOT: 0, depth: 0
CNOT: 0, depth: 0
CNOT: 0, depth: 0
23 30 
23 31 27 19 
31 27 22 30 1 9 
30 27 9 17 23 15 4 11 20 28 
28 27 15 11 9 18 22 6 23 7 21 12 31 19 1 17 
6 20 30 23 9 27 14 22 15 0 31 24 13 29 3 11 1 25 21 5 4 12 10 26 
19 3 28 21 6 13 15 30 4 20 22 23 9 2 31 16 10 17 25 27 7 24 1 18 0 11 
19 4 25 10 31 30 6 22 15 9 28 13 7 0 21 12 1 18 
7 25 23 19 31 9 6 28 29 5 30 3 12 13 15 1 18 2 10 17 0 11 22 14 
5 22 11 4 30 7 17 1 6 31 27 3 23 28 18 10 2 26 15 8 29 21 16 24 13 20 
4 28 2 19 5 15 13 14 24 1 10 27 16 0 17 18 7 31 23 30 6 20 12 21 9 3 
5 23 4 13 8 24 26 18 29 22 6 30 10 2 0 1 12 11 21 14 25 3 7 15 27 28 
5 6 12 29 26 28 1 25 3 27 0 9 19 4 17 2 24 16 14 22 20 13 23 15 10 18 
29 5 16 1 3 12 28 19 27 4 9 17 18 10 6 20 0 8 23 14 2 26 11 13 
20 29 21 5 14 6 22 23 31 19 30 28 15 4 7 27 1 9 11 12 18 2 10 26 13 3 24 0 8 16 25 17 
CNOT: 145, depth: 15
30 27 
30 24 15 7 6 31 
6 27 25 1 15 23 30 16 
23 19 1 27 30 31 22 24 6 21 15 16 
6 22 30 23 1 9 26 10 28 20 15 3 25 17 31 27 
1 26 20 4 14 23 22 31 12 11 6 30 15 24 13 29 19 3 17 27 25 9 
31 1 22 13 19 11 21 5 17 9 20 3 7 8 18 2 30 15 12 4 23 16 26 10 6 14 
22 20 17 18 23 8 1 25 13 21 12 28 26 27 15 19 30 14 7 24 6 16 10 9 
28 13 23 25 14 20 1 17 31 19 7 15 22 12 2 11 29 21 0 16 30 3 24 8 10 9 18 27 6 5 
11 12 17 19 23 1 28 6 20 13 14 30 8 25 5 29 7 0 18 26 2 27 22 16 31 24 15 3 10 9 
12 20 29 6 16 1 7 25 4 11 26 19 23 31 22 17 5 13 30 27 14 15 10 9 
29 22 20 28 27 19 9 25 1 17 31 7 2 10 0 24 3 11 5 6 14 13 26 18 16 8 23 15 
29 31 9 17 27 12 14 16 10 18 8 0 5 30 19 28 4 13 21 6 2 11 7 23 3 20 
29 14 4 5 18 12 20 27 9 2 8 1 24 25 23 16 21 30 28 11 13 6 15 17 26 10 22 31 
5 29 26 18 27 19 1 9 12 20 24 8 25 17 28 4 11 3 22 6 14 21 10 2 0 16 
6 5 13 29 30 14 21 22 31 19 7 12 15 27 23 20 2 18 3 28 0 24 25 1 17 9 16 8 11 4 10 26 
CNOT: 170, depth: 16
23 31 
31 8 
31 7 3 27 23 8 
31 19 18 2 20 28 26 11 10 27 23 7 
15 31 28 3 26 27 20 4 18 11 30 14 22 6 7 19 23 8 
19 3 31 16 30 22 18 9 24 8 13 21 11 27 28 20 26 10 15 23 
22 31 8 0 6 19 23 26 10 28 7 11 20 12 18 17 30 21 29 5 15 16 
14 28 8 26 7 18 21 5 13 29 31 19 10 20 22 15 24 0 11 27 6 3 
28 13 5 30 27 20 7 15 8 18 26 19 12 4 14 31 25 17 1 9 10 11 24 0 29 21 6 3 
30 22 8 25 12 13 23 1 27 28 7 24 18 19 6 31 17 9 14 21 15 11 10 26 16 0 
2 28 6 27 30 7 31 8 14 23 17 18 11 19 12 5 9 1 10 13 24 0 29 21 
27 12 30 14 9 18 6 8 11 28 15 23 29 22 4 20 1 25 16 24 31 7 2 10 21 5 17 26 
4 29 30 6 19 12 27 11 9 2 1 18 10 17 0 16 23 8 21 22 25 26 3 28 13 5 14 7 
29 30 16 1 24 18 3 4 28 27 25 9 26 10 11 19 14 13 6 21 17 2 0 8 20 12 
13 29 5 30 21 14 22 6 7 11 15 19 23 28 31 27 20 3 12 4 1 9 17 26 0 24 2 10 18 25 8 16 
CNOT: 148, depth: 15
30 2 7 23 22 11 
12 11 6 2 7 18 
6 22 23 19 7 2 12 5 15 31 
22 31 2 18 23 3 12 28 26 16 6 11 7 19 
23 15 22 12 2 3 5 29 30 14 25 0 20 4 26 10 31 11 7 19 6 18 
23 25 22 2 20 5 26 19 12 29 27 11 21 13 14 3 7 15 30 18 
4 21 23 26 31 27 14 5 22 10 2 19 20 12 7 8 6 30 25 0 
30 7 22 23 14 27 12 21 26 3 4 5 15 0 10 19 20 11 6 29 
19 20 31 7 13 6 23 17 14 12 4 28 22 9 16 24 15 27 26 2 30 8 
19 12 7 23 4 13 15 31 6 30 17 9 1 25 10 3 26 16 22 18 2 27 14 20 
12 4 27 20 14 30 15 1 23 16 18 10 7 2 22 6 25 9 13 21 26 24 31 17 
29 6 3 4 28 13 17 2 27 12 25 26 9 1 10 20 7 15 22 18 14 23 8 16 
6 22 9 17 28 29 24 25 11 12 0 8 14 15 10 19 18 20 3 27 7 31 13 21 
6 14 16 25 27 19 9 18 12 3 1 2 5 29 10 26 24 0 28 20 4 11 22 21 31 8 
13 6 8 1 25 9 4 28 19 12 18 10 3 27 0 16 21 29 22 30 14 5 24 17 26 2 20 11 
21 13 5 6 29 22 30 14 31 12 15 27 23 3 7 19 0 8 17 9 2 18 11 4 26 10 1 25 20 28 16 24 
CNOT: 161, depth: 16
15 7 
23 15 24 19 
15 27 26 25 24 10 6 22 23 31 
8 24 7 3 30 6 26 17 14 22 23 19 18 2 12 20 31 27 
31 26 7 23 15 24 20 4 25 1 2 3 6 19 14 30 9 16 8 10 
6 23 10 18 24 26 15 25 3 27 30 20 9 17 29 21 8 19 12 4 14 22 
20 29 23 24 28 12 11 3 31 9 15 10 13 5 18 2 30 6 22 19 26 25 
27 28 22 23 12 14 20 13 18 11 30 3 31 10 5 21 7 0 15 8 17 26 4 29 2 19 9 16 
27 20 30 15 3 19 23 31 24 11 14 6 4 5 8 0 12 29 9 25 26 10 18 2 22 7 17 1 
19 27 21 14 25 18 0 9 1 26 22 23 2 17 30 24 31 15 3 20 7 11 12 4 5 13 
21 30 3 12 22 19 4 6 16 0 17 10 1 25 27 11 15 7 26 9 2 28 13 29 
21 22 11 12 10 19 9 25 1 2 5 6 0 8 7 24 30 13 4 28 29 14 18 17 3 27 
29 21 8 9 20 4 26 1 27 3 13 5 18 10 19 11 22 14 30 6 24 16 17 2 28 12 
13 29 5 21 14 30 6 22 31 27 7 19 15 3 23 11 17 18 12 20 16 8 9 1 0 24 28 4 25 26 2 10 
CNOT: 144, depth: 14
26 27 
31 27 7 23 6 22 2 1 
23 1 7 31 30 6 9 25 18 27 12 19 
15 7 25 2 22 28 6 27 23 8 11 19 26 18 
6 15 22 11 25 18 23 19 31 24 4 20 14 3 9 17 30 27 2 1 
15 25 18 11 28 4 23 31 29 21 13 5 14 27 22 12 30 3 26 10 17 2 7 8 9 1 
4 13 17 26 18 3 23 15 22 29 31 16 21 5 10 27 7 19 25 11 9 1 30 14 
31 15 14 4 21 30 22 6 7 0 23 17 20 13 10 11 12 28 18 26 9 1 25 3 8 19 
15 23 20 21 10 12 14 25 16 0 4 29 30 6 22 7 2 26 28 13 31 9 27 3 17 1 18 11 8 19 
0 17 27 4 19 12 5 30 14 23 28 20 1 9 8 16 7 3 10 26 22 25 15 31 18 11 21 29 
3 28 5 14 12 27 20 30 18 10 22 15 11 4 17 25 1 2 0 8 16 24 23 7 21 29 
5 22 26 27 3 11 13 30 9 17 1 18 20 19 16 0 14 29 24 8 12 28 10 2 7 25 
21 5 8 17 4 20 24 0 27 3 2 18 25 1 11 12 29 30 16 9 14 6 22 13 10 26 19 28 
13 5 29 21 30 14 6 22 31 11 23 3 15 12 7 27 28 4 18 10 0 16 17 25 2 26 9 1 24 8 19 20 
CNOT: 151, depth: 14
15 27 14 23 
15 23 7 31 
7 23 3 27 30 19 
31 27 30 23 26 10 15 3 
23 3 31 26 14 19 28 12 17 25 15 27 
23 26 20 28 7 15 31 2 17 1 3 19 30 22 
10 3 23 7 1 9 31 25 28 19 17 24 8 16 22 26 30 6 4 12 15 2 
3 28 7 11 15 1 6 22 31 18 17 16 29 13 4 20 2 26 30 14 
31 17 14 8 20 29 22 1 26 3 11 28 21 5 6 23 25 18 15 9 10 27 4 12 
3 4 22 31 29 21 15 25 7 8 20 12 27 28 26 11 23 1 17 16 6 30 
28 29 20 30 1 26 22 27 14 3 23 31 15 7 0 16 25 9 11 4 17 24 5 21 
22 29 28 20 12 4 9 17 10 18 16 8 31 7 13 5 14 1 27 3 15 0 26 2 6 30 
27 28 8 9 11 29 14 23 30 6 7 1 19 4 21 13 0 24 26 18 31 15 25 2 
5 14 27 11 21 30 17 26 22 31 16 0 8 25 18 2 10 4 19 28 3 29 1 9 
5 22 2 11 12 21 13 6 17 10 28 3 9 1 0 8 14 29 24 16 20 4 26 18 
13 5 24 1 25 17 16 8 3 27 4 19 20 12 11 28 29 21 10 2 14 6 22 30 18 26 0 9 
29 5 21 13 30 14 6 22 23 11 7 28 15 3 31 27 18 2 1 25 8 0 9 17 19 20 16 24 4 12 26 10 
CNOT: 159, depth: 17
31 23 
15 31 
31 7 15 23 
31 19 15 23 
31 3 6 14 15 7 
14 15 31 8 18 10 6 27 4 3 23 19 
22 6 15 25 10 26 4 20 14 31 30 27 12 28 23 8 
15 10 12 4 6 14 23 16 7 1 31 27 19 3 9 25 13 29 18 26 
19 11 15 1 28 13 23 9 6 4 30 22 10 27 14 31 18 26 12 3 
10 19 7 15 4 13 6 0 22 14 31 23 12 11 21 5 30 27 9 16 25 1 18 26 
4 21 25 10 15 23 6 12 7 17 28 20 14 19 18 2 31 0 30 27 9 1 29 13 11 3 
27 4 19 12 28 30 25 18 0 24 23 31 29 5 9 17 14 15 7 3 6 21 
5 30 4 28 26 19 2 10 14 21 31 18 6 25 11 12 7 0 20 13 1 17 9 16 
5 22 19 4 17 9 6 15 24 16 8 0 23 25 2 26 1 18 20 21 12 28 31 7 14 27 11 3 29 13 
5 6 0 1 17 10 3 4 14 31 29 22 20 11 24 8 21 30 26 27 12 19 2 18 25 9 
5 14 24 1 20 29 4 12 19 27 17 2 26 18 13 30 9 25 16 8 6 22 3 11 
29 5 8 25 1 17 16 0 3 20 27 4 10 26 12 19 11 28 6 13 24 9 14 21 18 2 30 22 
21 5 13 29 22 6 30 14 15 19 31 12 23 27 7 4 2 26 0 24 28 20 9 1 16 8 25 17 18 10 11 3 
CNOT: 161, depth: 18
31 27 
31 8 
6 30 31 23 15 3 
7 31 30 14 11 19 15 8 25 27 
30 27 31 15 7 19 5 29 6 14 
31 17 30 3 5 21 25 0 6 29 15 19 28 20 22 13 23 8 7 11 14 27 
15 7 30 11 22 5 31 25 4 28 12 20 9 27 16 1 6 13 10 26 23 19 14 3 
19 12 17 9 3 11 14 28 31 10 23 16 2 18 30 15 22 6 7 25 5 13 4 20 
28 5 7 2 23 15 11 19 6 3 31 24 9 10 14 4 25 17 13 29 22 21 16 1 
19 28 18 3 15 31 11 4 23 9 14 5 17 2 24 16 6 30 7 1 25 0 22 21 29 13 10 26 
28 22 15 7 8 24 18 11 14 30 1 25 9 17 29 21 6 19 2 26 23 3 13 5 
21 23 27 19 11 28 24 9 17 3 16 25 20 12 6 7 14 31 18 2 5 22 15 8 29 13 
9 18 21 6 11 27 20 28 29 30 0 8 14 7 10 2 12 4 1 17 13 22 16 24 15 23 19 3 
21 14 2 19 9 1 20 29 26 27 4 22 3 28 16 0 10 18 13 30 24 25 6 23 15 8 
29 21 8 1 25 18 0 24 12 28 27 3 4 20 19 11 16 17 14 13 6 5 26 10 
5 29 22 21 13 6 30 14 23 19 7 11 15 27 31 3 10 2 0 8 28 4 24 16 12 20 1 25 17 9 18 26 
CNOT: 156, depth: 16
14 30 6 22 15 7 31 23 5 13 4 20 21 29 11 27 19 3 2 18 28 12 1 25 24 8 9 17 10 26 16 0 
7 23 13 29 5 21 9 1 3 27 0 15 19 31 8 16 20 28 30 22 25 17 2 10 
17 8 23 30 18 25 22 21 28 4 14 5 1 7 20 3 27 26 16 15 24 31 10 9 19 6 11 2 
23 15 12 3 29 20 26 7 27 18 30 13 17 0 21 4 8 31 24 6 
8 7 12 4 15 6 3 2 13 5 26 1 25 31 
3 11 20 6 25 7 29 12 31 23 27 15 
27 25 3 15 
27 3 
31 27 7 3 6 30 15 25 
19 27 6 25 23 12 5 29 2 20 31 7 15 11 
5 6 11 4 7 12 9 25 10 27 2 19 1 17 14 30 23 16 15 24 
24 1 17 25 10 2 6 7 28 13 5 23 11 20 14 22 9 27 19 4 21 29 31 16 
27 11 21 5 14 7 15 19 29 13 1 9 10 18 4 28 16 25 22 30 24 0 2 26 6 23 
13 5 29 21 22 6 30 14 7 15 31 27 20 4 18 2 3 19 12 28 25 1 8 24 17 9 26 10 23 11 0 16 
CNOT: 130, depth: 14
14 30 6 22 15 7 31 23 5 13 4 20 21 29 11 27 19 3 2 18 28 12 1 25 24 8 9 17 10 26 16 0 
7 23 13 29 5 21 9 1 3 27 0 15 19 31 8 16 20 28 30 22 25 17 2 10 
17 8 23 30 18 25 22 21 28 4 14 5 1 7 20 3 27 26 16 15 24 31 10 9 19 6 11 2 
23 15 12 3 29 20 26 7 27 18 30 13 17 0 21 4 8 31 24 6 
8 7 12 4 15 6 3 2 13 5 26 1 25 31 
3 11 20 6 25 7 29 12 31 23 27 15 
27 25 3 15 
27 3 
31 27 7 3 6 30 15 25 
19 27 6 25 23 12 5 29 2 20 31 7 15 11 
5 6 11 4 7 12 9 25 10 27 2 19 1 17 14 30 23 16 15 24 
24 1 17 25 10 2 6 7 28 13 5 23 11 20 14 22 9 27 19 4 21 29 31 16 
27 11 21 5 14 7 15 19 29 13 1 9 10 18 4 28 16 25 22 30 24 0 2 26 6 23 
13 5 29 21 22 6 30 14 7 15 31 27 20 4 18 2 3 19 12 28 25 1 8 24 17 9 26 10 23 11 0 16 
CNOT: 130, depth: 14
CNOT: 0, depth: 0
CNOT: 0, depth: 0
14 30 6 22 15 7 31 23 5 13 4 20 21 29 11 27 19 3 2 18 28 12 1 25 24 8 9 17 10 26 16 0 
7 23 13 29 5 21 9 1 3 27 0 15 19 31 8 16 20 28 30 22 25 17 2 10 
17 8 23 30 18 25 22 21 28 4 14 5 1 7 20 3 27 26 16 15 24 31 10 9 19 6 11 2 
23 15 12 3 29 20 26 7 27 18 30 13 17 0 21 4 8 31 24 6 
8 7 12 4 15 6 3 2 13 5 26 1 25 31 
3 11 20 6 25 7 29 12 31 23 27 15 
27 25 3 15 
27 3 
31 27 7 3 6 30 15 25 
19 27 6 25 23 12 5 29 2 20 31 7 15 11 
5 6 11 4 7 12 9 25 10 27 2 19 1 17 14 30 23 16 15 24 
24 1 17 25 10 2 6 7 28 13 5 23 11 20 14 22 9 27 19 4 21 29 31 16 
27 11 21 5 14 7 15 19 29 13 1 9 10 18 4 28 16 25 22 30 24 0 2 26 6 23 
13 5 29 21 22 6 30 14 7 15 31 27 20 4 18 2 3 19 12 28 25 1 8 24 17 9 26 10 23 11 0 16 
CNOT: 130, depth: 14
CNOT: 0, depth: 0
CNOT: 0, depth: 0
7 15 
31 7 15 19 23 16 
7 23 15 0 30 14 
14 23 31 15 22 11 
23 15 22 30 14 3 
30 23 7 26 1 9 31 16 6 11 2 10 15 3 
23 11 9 26 14 8 7 10 19 3 30 31 
31 19 4 20 2 18 7 9 10 26 3 11 15 8 22 6 
9 25 14 1 4 3 23 10 15 31 7 2 12 28 6 19 
14 4 12 3 6 31 7 27 23 9 15 1 
31 27 4 12 7 17 21 29 11 19 14 10 23 15 
6 12 14 21 7 24 5 13 23 2 22 29 19 27 
31 7 13 22 19 4 12 21 6 5 27 11 20 28 15 10 9 2 8 16 18 26 
18 19 10 27 20 13 12 5 29 22 14 7 16 24 25 17 8 0 31 9 
22 14 19 20 27 12 21 30 25 10 26 2 0 16 6 9 17 1 28 4 18 11 
17 18 22 6 16 9 2 27 11 20 28 21 24 8 1 10 29 30 3 12 14 5 
13 22 0 1 8 25 9 17 3 28 12 19 5 30 10 2 27 11 6 21 14 29 24 16 26 18 4 20 
5 13 21 22 29 6 30 14 31 11 23 12 15 19 7 27 24 0 1 9 26 10 4 3 16 8 25 17 18 2 20 28 
CNOT: 135, depth: 18
7 15 
31 7 15 19 23 16 
7 23 15 0 30 14 
14 23 31 15 22 11 
23 15 22 30 14 3 
30 23 7 26 1 9 31 16 6 11 2 10 15 3 
23 11 9 26 14 8 7 10 19 3 30 31 
31 19 4 20 2 18 7 9 10 26 3 11 15 8 22 6 
9 25 14 1 4 3 23 10 15 31 7 2 12 28 6 19 
14 4 12 3 6 31 7 27 23 9 15 1 
31 27 4 12 7 17 21 29 11 19 14 10 23 15 
6 12 14 21 7 24 5 13 23 2 22 29 19 27 
31 7 13 22 19 4 12 21 6 5 27 11 20 28 15 10 9 2 8 16 18 26 
18 19 10 27 20 13 12 5 29 22 14 7 16 24 25 17 8 0 31 9 
22 14 19 20 27 12 21 30 25 10 26 2 0 16 6 9 17 1 28 4 18 11 
17 18 22 6 16 9 2 27 11 20 28 21 24 8 1 10 29 30 3 12 14 5 
13 22 0 1 8 25 9 17 3 28 12 19 5 30 10 2 27 11 6 21 14 29 24 16 26 18 4 20 
5 13 21 22 29 6 30 14 31 11 23 12 15 19 7 27 24 0 1 9 26 10 4 3 16 8 25 17 18 2 20 28 
CNOT: 135, depth: 18
14 30 6 22 15 7 31 23 5 13 4 20 21 29 11 27 19 3 2 18 28 12 1 25 24 8 9 17 10 26 16 0 
7 23 13 29 5 21 9 1 3 27 0 15 19 31 8 16 20 28 30 22 25 17 2 10 12 4 14 6 24 26 18 11 
23 30 12 3 18 11 22 21 28 4 8 17 31 15 27 20 1 7 13 5 24 26 29 19 10 9 14 6 16 0 25 2 
20 19 29 12 17 15 7 31 21 4 8 0 16 5 25 2 30 13 26 1 24 23 14 6 27 18 10 9 11 22 28 3 
3 20 26 31 12 6 30 14 4 21 11 22 17 1 18 7 25 9 28 13 16 23 19 15 0 2 8 5 10 24 27 29 
15 6 27 29 12 25 26 1 8 5 9 30 10 24 13 18 17 7 28 20 31 23 11 21 0 2 3 4 14 16 19 22 
6 16 3 4 9 30 10 1 19 22 20 13 21 15 23 12 25 7 27 26 29 17 
18 25 22 28 4 29 6 14 31 27 
3 4 7 26 24 8 5 14 15 19 21 11 2 0 16 6 18 25 13 20 22 28 30 9 31 27 17 29 1 10 12 23 
23 7 14 17 5 6 10 20 3 28 22 27 19 11 31 16 25 12 4 29 1 26 2 0 18 13 24 8 30 9 15 21 
11 3 7 20 6 23 26 30 25 18 2 19 5 29 0 16 1 8 15 12 31 24 9 10 13 28 22 27 21 4 14 17 
24 1 8 25 10 2 27 20 14 22 28 13 15 23 21 29 6 7 19 11 0 17 31 12 9 18 3 4 5 16 26 30 
20 11 21 5 14 7 15 19 29 13 1 9 10 18 4 28 16 25 22 30 24 0 2 26 6 23 3 27 8 17 31 12 
13 5 29 21 22 6 30 14 7 15 31 20 3 4 18 2 27 19 12 28 25 1 17 24 8 9 26 10 23 11 0 16 
CNOT: 208, depth: 14
7 15 
31 7 15 19 23 16 
7 23 15 0 30 14 
14 23 31 15 22 11 
23 15 22 30 14 3 
30 23 7 26 1 9 31 16 6 11 2 10 15 3 
23 11 9 26 14 8 7 10 19 3 30 31 
31 19 4 20 2 18 7 9 10 26 3 11 15 8 22 6 
9 25 14 1 4 3 23 10 15 31 7 2 12 28 6 19 
14 4 12 3 6 31 7 27 23 9 15 1 
31 27 4 12 7 17 21 29 11 19 14 10 23 15 
6 12 14 21 7 24 5 13 23 2 22 29 19 27 
31 7 13 22 19 4 12 21 6 5 27 11 20 28 15 10 9 2 8 16 18 26 
18 19 10 27 20 13 12 5 29 22 14 7 16 24 25 17 8 0 31 9 
22 14 19 20 27 12 21 30 25 10 26 2 0 16 6 9 17 1 28 4 18 11 
17 18 22 6 16 9 2 27 11 20 28 21 24 8 1 10 29 30 3 12 14 5 
13 22 0 1 8 25 9 17 3 28 12 19 5 30 10 2 27 11 6 21 14 29 24 16 26 18 4 20 
5 13 21 22 29 6 30 14 31 11 23 12 15 19 7 27 24 0 1 9 26 10 4 3 16 8 25 17 18 2 20 28 
CNOT: 135, depth: 18
7 15 
31 7 15 19 23 16 
7 23 15 0 30 14 
14 23 31 15 22 11 
23 15 22 30 14 3 
30 23 7 26 1 9 31 16 6 11 2 10 15 3 
23 11 9 26 14 8 7 10 19 3 30 31 
31 19 4 20 2 18 7 9 10 26 3 11 15 8 22 6 
9 25 14 1 4 3 23 10 15 31 7 2 12 28 6 19 
14 4 12 3 6 31 7 27 23 9 15 1 
31 27 4 12 7 17 21 29 11 19 14 10 23 15 
6 12 14 21 7 24 5 13 23 2 22 29 19 27 
31 7 13 22 19 4 12 21 6 5 27 11 20 28 15 10 9 2 8 16 18 26 
18 19 10 27 20 13 12 5 29 22 14 7 16 24 25 17 8 0 31 9 
22 14 19 20 27 12 21 30 25 10 26 2 0 16 6 9 17 1 28 4 18 11 
17 18 22 6 16 9 2 27 11 20 28 21 24 8 1 10 29 30 3 12 14 5 
13 22 0 1 8 25 9 17 3 28 12 19 5 30 10 2 27 11 6 21 14 29 24 16 26 18 4 20 
5 13 21 22 29 6 30 14 31 11 23 12 15 19 7 27 24 0 1 9 26 10 4 3 16 8 25 17 18 2 20 28 
CNOT: 135, depth: 18
14 30 6 22 15 7 31 23 5 13 4 20 21 29 11 27 19 3 8 24 1 9 10 26 28 12 2 18 17 25 0 16 
13 29 23 7 5 21 27 3 1 17 9 16 19 31 20 28 30 22 26 18 25 15 
7 30 18 17 22 21 28 4 14 5 20 27 16 31 2 1 26 0 8 15 19 10 
21 4 0 31 12 27 29 20 30 13 17 24 10 1 23 7 11 15 19 6 3 26 
12 4 7 31 3 11 17 0 20 6 29 5 19 2 
11 2 4 19 27 7 
11 4 15 0 7 24 6 30 17 25 12 29 
6 15 7 12 17 9 1 4 5 13 2 26 31 8 23 24 0 25 19 27 
5 7 6 31 11 20 18 26 16 25 24 17 10 4 14 30 23 12 1 19 0 3 15 27 
9 26 5 6 15 23 28 13 8 16 10 11 1 25 3 27 14 22 2 20 21 29 
27 11 21 5 23 31 14 7 15 19 29 13 17 1 8 9 0 24 25 26 4 28 22 30 10 18 
13 5 29 21 22 6 30 14 24 8 7 15 31 27 20 4 9 1 26 10 3 19 12 28 18 2 25 17 23 11 16 0 
CNOT: 127, depth: 12
14 30 6 22 15 7 31 23 5 13 4 20 21 29 11 27 19 3 8 24 1 9 10 26 28 12 2 18 17 25 0 16 
13 29 23 7 5 21 27 3 1 17 9 16 19 31 20 28 30 22 26 18 25 15 
7 30 18 17 22 21 28 4 14 5 20 27 16 31 2 1 26 0 8 15 19 10 
21 4 0 31 12 27 29 20 30 13 17 24 10 1 23 7 11 15 19 6 3 26 
12 4 7 31 3 11 17 0 20 6 29 5 19 2 
11 2 4 19 27 7 
11 4 15 0 7 24 6 30 17 25 12 29 
6 15 7 12 17 9 1 4 5 13 2 26 31 8 23 24 0 25 19 27 
5 7 6 31 11 20 18 26 16 25 24 17 10 4 14 30 23 12 1 19 0 3 15 27 
9 26 5 6 15 23 28 13 8 16 10 11 1 25 3 27 14 22 2 20 21 29 
27 11 21 5 23 31 14 7 15 19 29 13 17 1 8 9 0 24 25 26 4 28 22 30 10 18 
13 5 29 21 22 6 30 14 24 8 7 15 31 27 20 4 9 1 26 10 3 19 12 28 18 2 25 17 23 11 16 0 
CNOT: 127, depth: 12
14 30 6 22 15 7 31 23 5 13 4 20 21 29 11 27 19 3 8 24 1 9 10 26 28 12 2 18 17 25 0 16 
13 29 23 7 5 21 27 3 1 17 9 16 19 31 20 28 30 22 26 18 25 15 
7 30 18 17 22 21 28 4 14 5 20 27 16 31 2 1 26 0 8 15 19 10 
21 4 0 31 12 27 29 20 30 13 17 24 10 1 23 7 11 15 19 6 3 26 
12 4 7 31 3 11 17 0 20 6 29 5 19 2 
11 2 4 19 27 7 
11 4 15 0 7 24 6 30 17 25 12 29 
6 15 7 12 17 9 1 4 5 13 2 26 31 8 23 24 0 25 19 27 
5 7 6 31 11 20 18 26 16 25 24 17 10 4 14 30 23 12 1 19 0 3 15 27 
9 26 5 6 15 23 28 13 8 16 10 11 1 25 3 27 14 22 2 20 21 29 
27 11 21 5 23 31 14 7 15 19 29 13 17 1 8 9 0 24 25 26 4 28 22 30 10 18 
13 5 29 21 22 6 30 14 24 8 7 15 31 27 20 4 9 1 26 10 3 19 12 28 18 2 25 17 23 11 16 0 
CNOT: 127, depth: 12
14 30 6 22 15 7 31 23 5 13 4 20 21 29 11 27 19 3 8 24 1 9 10 26 28 12 2 18 17 25 0 16 
13 29 23 7 5 21 27 3 1 17 9 16 19 31 20 28 30 22 26 18 25 15 
7 30 18 17 22 21 28 4 14 5 20 27 16 31 2 1 26 0 8 15 19 10 
21 4 0 31 12 27 29 20 30 13 17 24 10 1 23 7 11 15 19 6 3 26 
12 4 7 31 3 11 17 0 20 6 29 5 19 2 
11 2 4 19 27 7 
11 4 15 0 7 24 6 30 17 25 12 29 
6 15 7 12 17 9 1 4 5 13 2 26 31 8 23 24 0 25 19 27 
5 7 6 31 11 20 18 26 16 25 24 17 10 4 14 30 23 12 1 19 0 3 15 27 
9 26 5 6 15 23 28 13 8 16 10 11 1 25 3 27 14 22 2 20 21 29 
27 11 21 5 23 31 14 7 15 19 29 13 17 1 8 9 0 24 25 26 4 28 22 30 10 18 
13 5 29 21 22 6 30 14 24 8 7 15 31 27 20 4 9 1 26 10 3 19 12 28 18 2 25 17 23 11 16 0 
CNOT: 127, depth: 12
14 30 6 22 15 7 31 23 5 13 4 20 21 29 11 27 19 3 8 24 1 9 10 26 28 12 2 18 17 25 0 16 
13 29 23 7 5 21 27 3 1 17 9 16 19 31 20 28 30 22 26 18 25 15 
7 30 18 17 22 21 28 4 14 5 20 27 16 31 2 1 26 0 8 15 19 10 
21 4 0 31 12 27 29 20 30 13 17 24 10 1 23 7 11 15 19 6 3 26 
12 4 7 31 3 11 17 0 20 6 29 5 19 2 
11 2 4 19 27 7 
11 4 15 0 7 24 6 30 17 25 12 29 
6 15 7 12 17 9 1 4 5 13 2 26 31 8 23 24 0 25 19 27 
5 7 6 31 11 20 18 26 16 25 24 17 10 4 14 30 23 12 1 19 0 3 15 27 
9 26 5 6 15 23 28 13 8 16 10 11 1 25 3 27 14 22 2 20 21 29 
27 11 21 5 23 31 14 7 15 19 29 13 17 1 8 9 0 24 25 26 4 28 22 30 10 18 
13 5 29 21 22 6 30 14 24 8 7 15 31 27 20 4 9 1 26 10 3 19 12 28 18 2 25 17 23 11 16 0 
CNOT: 127, depth: 12
14 30 6 22 15 7 31 23 5 13 4 20 21 29 11 27 19 3 8 24 1 9 10 26 28 12 2 18 17 25 0 16 
13 29 23 7 5 21 27 3 1 17 9 16 19 31 20 28 30 22 26 18 25 15 
7 30 18 17 22 21 28 4 14 5 20 27 16 31 2 1 26 0 8 15 19 10 
21 4 0 31 12 27 29 20 30 13 17 24 10 1 23 7 11 15 19 6 3 26 
12 4 7 31 3 11 17 0 20 6 29 5 19 2 
11 2 4 19 27 7 
11 4 15 0 7 24 6 30 17 25 12 29 
6 15 7 12 17 9 1 4 5 13 2 26 31 8 23 24 0 25 19 27 
5 7 6 31 11 20 18 26 16 25 24 17 10 4 14 30 23 12 1 19 0 3 15 27 
9 26 5 6 15 23 28 13 8 16 10 11 1 25 3 27 14 22 2 20 21 29 
27 11 21 5 23 31 14 7 15 19 29 13 17 1 8 9 0 24 25 26 4 28 22 30 10 18 
13 5 29 21 22 6 30 14 24 8 7 15 31 27 20 4 9 1 26 10 3 19 12 28 18 2 25 17 23 11 16 0 
CNOT: 127, depth: 12
30 14 22 6 7 15 23 31 13 5 20 4 29 21 27 11 3 19 24 8 9 1 26 10 12 28 18 2 25 17 16 0 
29 13 7 23 21 5 3 27 17 1 16 9 31 19 28 20 22 30 18 26 15 25 
30 7 17 18 21 22 4 28 5 14 27 20 31 16 1 2 0 26 15 8 10 19 
4 21 31 0 27 12 20 29 13 30 24 17 1 10 7 23 15 11 6 19 26 3 
4 12 31 7 11 3 0 17 6 20 5 29 2 19 
2 11 19 4 7 27 
11 4 15 0 7 24 6 30 17 25 12 29 
6 15 7 12 17 9 1 4 5 13 2 26 31 8 23 24 0 25 19 27 
5 7 6 31 11 20 18 26 16 25 24 17 10 4 14 30 23 12 1 19 0 3 15 27 
9 26 5 6 15 23 28 13 8 16 10 11 1 25 3 27 14 22 2 20 21 29 
27 11 21 5 23 31 14 7 15 19 29 13 17 1 8 9 0 24 25 26 4 28 22 30 10 18 
13 5 29 21 22 6 30 14 24 8 7 15 31 27 20 4 9 1 26 10 3 19 12 28 18 2 25 17 23 11 16 0 
CNOT: 127, depth: 12
30 14 22 6 7 15 23 31 13 5 20 4 29 21 27 11 3 19 24 8 9 1 26 10 12 28 18 2 25 17 16 0 
29 13 7 23 21 5 3 27 17 1 16 9 31 19 28 20 22 30 18 26 15 25 
30 7 17 18 21 22 4 28 5 14 27 20 31 16 1 2 0 26 15 8 10 19 
4 21 31 0 27 12 20 29 13 30 24 17 1 10 7 23 15 11 6 19 26 3 
4 12 31 7 11 3 0 17 6 20 5 29 2 19 
2 11 19 4 7 27 
11 4 15 0 7 24 6 30 17 25 12 29 
6 15 7 12 17 9 1 4 5 13 2 26 31 8 23 24 0 25 19 27 
5 7 6 31 11 20 18 26 16 25 24 17 10 4 14 30 23 12 1 19 0 3 15 27 
9 26 5 6 15 23 28 13 8 16 10 11 1 25 3 27 14 22 2 20 21 29 
27 11 21 5 23 31 14 7 15 19 29 13 17 1 8 9 0 24 25 26 4 28 22 30 10 18 
13 5 29 21 22 6 30 14 24 8 7 15 31 27 20 4 9 1 26 10 3 19 12 28 18 2 25 17 23 11 16 0 
CNOT: 127, depth: 12
7 15 
31 7 15 19 23 16 
7 23 15 0 30 14 
14 23 31 15 22 11 
23 15 22 30 14 3 
30 23 7 26 1 9 31 16 6 11 2 10 15 3 
23 11 9 26 14 8 7 10 19 3 30 31 
31 19 4 20 2 18 7 9 10 26 3 11 15 8 22 6 
9 25 14 1 4 3 23 10 15 31 7 2 12 28 6 19 
14 4 12 3 6 31 7 27 23 9 15 1 
31 27 4 12 7 17 21 29 11 19 14 10 23 15 
6 12 14 21 7 24 5 13 23 2 22 29 19 27 
31 7 13 22 19 4 12 21 6 5 27 11 20 28 15 10 9 2 8 16 18 26 
18 19 10 27 20 13 12 5 29 22 14 7 16 24 25 17 8 0 31 9 
22 14 19 20 27 12 21 30 25 10 26 2 0 16 6 9 17 1 28 4 18 11 
17 18 22 6 16 9 2 27 11 20 28 21 24 8 1 10 29 30 3 12 14 5 
13 22 0 1 8 25 9 17 3 28 12 19 5 30 10 2 27 11 6 21 14 29 24 16 26 18 4 20 
5 13 21 22 29 6 30 14 31 11 23 12 15 19 7 27 24 0 1 9 26 10 4 3 16 8 25 17 18 2 20 28 
CNOT: 135, depth: 18
7 15 
31 7 15 19 23 16 
7 23 15 0 30 14 
14 23 31 15 22 11 
23 15 22 30 14 3 
30 23 7 26 1 9 31 16 6 11 2 10 15 3 
23 11 9 26 14 8 7 10 19 3 30 31 
31 19 4 20 2 18 7 9 10 26 3 11 15 8 22 6 
9 25 14 1 4 3 23 10 15 31 7 2 12 28 6 19 
14 4 12 3 6 31 7 27 23 9 15 1 
31 27 4 12 7 17 21 29 11 19 14 10 23 15 
6 12 14 21 7 24 5 13 23 2 22 29 19 27 
31 7 13 22 19 4 12 21 6 5 27 11 20 28 15 10 9 2 8 16 18 26 
18 19 10 27 20 13 12 5 29 22 14 7 16 24 25 17 8 0 31 9 
22 14 19 20 27 12 21 30 25 10 26 2 0 16 6 9 17 1 28 4 18 11 
17 18 22 6 16 9 2 27 11 20 28 21 24 8 1 10 29 30 3 12 14 5 
13 22 0 1 8 25 9 17 3 28 12 19 5 30 10 2 27 11 6 21 14 29 24 16 26 18 4 20 
5 13 21 22 29 6 30 14 31 11 23 12 15 19 7 27 24 0 1 9 26 10 4 3 16 8 25 17 18 2 20 28 
CNOT: 135, depth: 18
7 15 
31 7 15 19 23 16 
7 23 15 0 30 14 
14 23 31 15 22 11 
23 15 22 30 14 3 
30 23 7 26 1 9 31 16 6 11 2 10 15 3 
23 11 9 26 14 8 7 10 19 3 30 31 
31 19 4 20 2 18 7 9 10 26 3 11 15 8 22 6 
9 25 14 1 4 3 23 10 15 31 7 2 12 28 6 19 
14 4 12 3 6 31 7 27 23 9 15 1 
31 27 4 12 7 17 21 29 11 19 14 10 23 15 
6 12 14 21 7 24 5 13 23 2 22 29 19 27 
31 7 13 22 19 4 12 21 6 5 27 11 20 28 15 10 9 2 8 16 18 26 
18 19 10 27 20 13 12 5 29 22 14 7 16 24 25 17 8 0 31 9 
22 14 19 20 27 12 21 30 25 10 26 2 0 16 6 9 17 1 28 4 18 11 
17 18 22 6 16 9 2 27 11 20 28 21 24 8 1 10 29 30 3 12 14 5 
13 22 0 1 8 25 9 17 3 28 12 19 5 30 10 2 27 11 6 21 14 29 24 16 26 18 4 20 
5 13 21 22 29 6 30 14 31 11 23 12 15 19 7 27 24 0 1 9 26 10 4 3 16 8 25 17 18 2 20 28 
CNOT: 135, depth: 18
7 15 
31 7 15 19 23 16 
7 23 15 0 30 14 
14 23 31 15 22 11 
23 15 22 30 14 3 
30 23 7 26 1 9 31 16 6 11 2 10 15 3 
23 11 9 26 14 8 7 10 19 3 30 31 
31 19 4 20 2 18 7 9 10 26 3 11 15 8 22 6 
9 25 14 1 4 3 23 10 15 31 7 2 12 28 6 19 
14 4 12 3 6 31 7 27 23 9 15 1 
31 27 4 12 7 17 21 29 11 19 14 10 23 15 
6 12 14 21 7 24 5 13 23 2 22 29 19 27 
31 7 13 22 19 4 12 21 6 5 27 11 20 28 15 10 9 2 8 16 18 26 
18 19 10 27 20 13 12 5 29 22 14 7 16 24 25 17 8 0 31 9 
22 14 19 20 27 12 21 30 25 10 26 2 0 16 6 9 17 1 28 4 18 11 
17 18 22 6 16 9 2 27 11 20 28 21 24 8 1 10 29 30 3 12 14 5 
13 22 0 1 8 25 9 17 3 28 12 19 5 30 10 2 27 11 6 21 14 29 24 16 26 18 4 20 
5 13 21 22 29 6 30 14 31 11 23 12 15 19 7 27 24 0 1 9 26 10 4 3 16 8 25 17 18 2 20 28 
CNOT: 135, depth: 18
7 15 
31 7 15 19 23 16 
7 23 15 0 30 14 
14 23 31 15 22 11 
23 15 22 30 14 3 
30 23 7 26 1 9 31 16 6 11 2 10 15 3 
23 11 9 26 14 8 7 10 19 3 30 31 
31 19 4 20 2 18 7 9 10 26 3 11 15 8 22 6 
9 25 14 1 4 3 23 10 15 31 7 2 12 28 6 19 
14 4 12 3 6 31 7 27 23 9 15 1 
31 27 4 12 7 17 21 29 11 19 14 10 23 15 
6 12 14 21 7 24 5 13 23 2 22 29 19 27 
31 7 13 22 19 4 12 21 6 5 27 11 20 28 15 10 9 2 8 16 18 26 
18 19 10 27 20 13 12 5 29 22 14 7 16 24 25 17 8 0 31 9 
22 14 19 20 27 12 21 30 25 10 26 2 0 16 6 9 17 1 28 4 18 11 
17 18 22 6 16 9 2 27 11 20 28 21 24 8 1 10 29 30 3 12 14 5 
13 22 0 1 8 25 9 17 3 28 12 19 5 30 10 2 27 11 6 21 14 29 24 16 26 18 4 20 
5 13 21 22 29 6 30 14 31 11 23 12 15 19 7 27 24 0 1 9 26 10 4 3 16 8 25 17 18 2 20 28 
CNOT: 135, depth: 18
7 15 
31 7 15 19 23 16 
7 23 15 0 30 14 
14 23 31 15 22 11 
23 15 22 30 14 3 
30 23 7 26 1 9 31 16 6 11 2 10 15 3 
23 11 9 26 14 8 7 10 19 3 30 31 
31 19 4 20 2 18 7 9 10 26 3 11 15 8 22 6 
9 25 14 1 4 3 23 10 15 31 7 2 12 28 6 19 
14 4 12 3 6 31 7 27 23 9 15 1 
31 27 4 12 7 17 21 29 11 19 14 10 23 15 
6 12 14 21 7 24 5 13 23 2 22 29 19 27 
31 7 13 22 19 4 12 21 6 5 27 11 20 28 15 10 9 2 8 16 18 26 
18 19 10 27 20 13 12 5 29 22 14 7 16 24 25 17 8 0 31 9 
22 14 19 20 27 12 21 30 25 10 26 2 0 16 6 9 17 1 28 4 18 11 
17 18 22 6 16 9 2 27 11 20 28 21 24 8 1 10 29 30 3 12 14 5 
13 22 0 1 8 25 9 17 3 28 12 19 5 30 10 2 27 11 6 21 14 29 24 16 26 18 4 20 
5 13 21 22 29 6 30 14 31 11 23 12 15 19 7 27 24 0 1 9 26 10 4 3 16 8 25 17 18 2 20 28 
CNOT: 135, depth: 18
7 15 
31 7 15 19 23 16 
7 23 15 0 30 14 
14 23 31 15 22 11 
23 15 22 30 14 3 
30 23 7 26 1 9 31 16 6 11 2 10 15 3 
23 11 9 26 14 8 7 10 19 3 30 31 
31 19 4 20 2 18 7 9 10 26 3 11 15 8 22 6 
9 25 14 1 4 3 23 10 15 31 7 2 12 28 6 19 
14 4 12 3 6 31 7 27 23 9 15 1 
31 27 4 12 7 17 21 29 11 19 14 10 23 15 
6 12 14 21 7 24 5 13 23 2 22 29 19 27 
31 7 13 22 19 4 12 21 6 5 27 11 20 28 15 10 9 2 8 16 18 26 
18 19 10 27 20 13 12 5 29 22 14 7 16 24 25 17 8 0 31 9 
22 14 19 20 27 12 21 30 25 10 26 2 0 16 6 9 17 1 28 4 18 11 
17 18 22 6 16 9 2 27 11 20 28 21 24 8 1 10 29 30 3 12 14 5 
13 22 0 1 8 25 9 17 3 28 12 19 5 30 10 2 27 11 6 21 14 29 24 16 26 18 4 20 
5 13 21 22 29 6 30 14 31 11 23 12 15 19 7 27 24 0 1 9 26 10 4 3 16 8 25 17 18 2 20 28 
CNOT: 135, depth: 18
7 15 
31 7 15 19 23 16 
7 23 15 0 30 14 
14 23 31 15 22 11 
23 15 22 30 14 3 
30 23 7 26 1 9 31 16 6 11 2 10 15 3 
23 11 9 26 14 8 7 10 19 3 30 31 
31 19 4 20 2 18 7 9 10 26 3 11 15 8 22 6 
9 25 14 1 4 3 23 10 15 31 7 2 12 28 6 19 
14 4 12 3 6 31 7 27 23 9 15 1 
31 27 4 12 7 17 21 29 11 19 14 10 23 15 
6 12 14 21 7 24 5 13 23 2 22 29 19 27 
31 7 13 22 19 4 12 21 6 5 27 11 20 28 15 10 9 2 8 16 18 26 
18 19 10 27 20 13 12 5 29 22 14 7 16 24 25 17 8 0 31 9 
22 14 19 20 27 12 21 30 25 10 26 2 0 16 6 9 17 1 28 4 18 11 
17 18 22 6 16 9 2 27 11 20 28 21 24 8 1 10 29 30 3 12 14 5 
13 22 0 1 8 25 9 17 3 28 12 19 5 30 10 2 27 11 6 21 14 29 24 16 26 18 4 20 
5 13 21 22 29 6 30 14 31 11 23 12 15 19 7 27 24 0 1 9 26 10 4 3 16 8 25 17 18 2 20 28 
CNOT: 135, depth: 18
7 15 
31 7 15 19 23 16 
7 23 15 0 30 14 
14 23 31 15 22 11 
23 15 22 30 14 3 
30 23 7 26 1 9 31 16 6 11 2 10 15 3 
23 11 9 26 14 8 7 10 19 3 30 31 
31 19 4 20 2 18 7 9 10 26 3 11 15 8 22 6 
9 25 14 1 4 3 23 10 15 31 7 2 12 28 6 19 
14 4 12 3 6 31 7 27 23 9 15 1 
31 27 4 12 7 17 21 29 11 19 14 10 23 15 
6 12 14 21 7 24 5 13 23 2 22 29 19 27 
31 7 13 22 19 4 12 21 6 5 27 11 20 28 15 10 9 2 8 16 18 26 
18 19 10 27 20 13 12 5 29 22 14 7 16 24 25 17 8 0 31 9 
22 14 19 20 27 12 21 30 25 10 26 2 0 16 6 9 17 1 28 4 18 11 
17 18 22 6 16 9 2 27 11 20 28 21 24 8 1 10 29 30 3 12 14 5 
13 22 0 1 8 25 9 17 3 28 12 19 5 30 10 2 27 11 6 21 14 29 24 16 26 18 4 20 
5 13 21 22 29 6 30 14 31 11 23 12 15 19 7 27 24 0 1 9 26 10 4 3 16 8 25 17 18 2 20 28 
CNOT: 135, depth: 18
30 14 22 6 7 15 23 31 13 5 20 4 29 21 27 11 3 19 24 8 9 1 26 10 12 28 18 2 25 17 16 0 29 13 7 23 21 5 3 27 17 1 16 9 31 19 28 20 22 30 18 26 15 25 
30 7 17 18 21 22 4 28 5 14 27 20 31 16 1 2 0 26 15 8 10 19 
4 21 31 0 27 12 20 29 13 30 24 17 1 10 7 23 15 11 6 19 26 3 
4 12 31 7 11 3 0 17 6 20 5 29 2 19 
2 11 19 4 7 27 11 27 6 11 
11 4 15 0 7 24 6 30 17 25 12 29 
6 15 7 12 17 9 1 4 5 13 2 26 31 8 23 24 0 25 19 27 
5 7 6 31 11 20 18 26 16 25 24 17 10 4 14 30 23 12 1 19 0 3 15 27 
9 26 5 6 15 23 28 13 8 16 10 11 1 25 3 27 14 22 2 20 21 29 
13 5 29 21 22 6 30 14 24 8 7 15 31 27 20 4 9 1 26 10 3 19 12 28 18 2 25 17 23 11 16 0 27 11 21 5 23 31 14 7 15 19 29 13 17 1 8 9 0 24 25 26 4 28 22 30 10 18 
CNOT: 129, depth: 10
7 15 
31 7 15 19 23 16 
7 23 15 0 30 14 
14 23 31 15 22 11 
23 15 22 30 14 3 
30 23 7 26 1 9 31 16 6 11 2 10 15 3 
23 11 9 26 14 8 7 10 19 3 30 31 
31 19 4 20 2 18 7 9 10 26 3 11 15 8 22 6 
9 25 14 1 4 3 23 10 15 31 7 2 12 28 6 19 
14 4 12 3 6 31 7 27 23 9 15 1 
31 27 4 12 7 17 21 29 11 19 14 10 23 15 
6 12 14 21 7 24 5 13 23 2 22 29 19 27 
31 7 13 22 19 4 12 21 6 5 27 11 20 28 15 10 9 2 8 16 18 26 
18 19 10 27 20 13 12 5 29 22 14 7 16 24 25 17 8 0 31 9 
22 14 19 20 27 12 21 30 25 10 26 2 0 16 6 9 17 1 28 4 18 11 
17 18 22 6 16 9 2 27 11 20 28 21 24 8 1 10 29 30 3 12 14 5 
13 22 0 1 8 25 9 17 3 28 12 19 5 30 10 2 27 11 6 21 14 29 24 16 26 18 4 20 
5 13 21 22 29 6 30 14 31 11 23 12 15 19 7 27 24 0 1 9 26 10 4 3 16 8 25 17 18 2 20 28 
CNOT: 135, depth: 18
30 14 7 15 13 5 31 23 29 21 20 4 2 10 17 1 11 27 0 9 3 19 8 24 22 6 26 18 28 12 
20 28 26 2 10 18 8 17 15 3 21 5 22 30 4 12 16 0 31 7 9 25 29 13 24 1 14 11 23 19 
30 31 8 26 28 29 21 22 0 1 14 20 12 13 15 23 19 27 18 2 10 3 24 16 
16 2 3 11 1 10 15 26 19 28 24 0 23 7 6 13 21 29 12 30 4 20 27 31 
11 20 15 16 23 3 7 8 1 9 6 19 
27 11 18 19 23 24 
2 11 15 27 23 28 
23 15 
27 4 23 19 7 28 31 3 15 2 
27 31 14 7 19 3 15 25 10 26 23 17 0 8 1 20 6 29 
6 15 5 14 0 2 27 21 23 1 7 19 22 30 25 17 3 11 29 13 10 20 9 26 24 8 
5 6 15 23 29 30 19 27 25 2 17 26 12 20 0 10 31 7 16 11 4 21 
11 27 21 5 7 23 20 4 3 19 31 15 28 12 24 0 10 18 26 2 16 25 13 30 8 9 14 22 6 29 
13 5 29 21 22 6 30 14 23 11 20 12 31 27 8 24 15 3 16 0 9 25 17 1 2 10 7 19 26 18 4 28 
CNOT: 136, depth: 14
30 14 22 6 7 15 23 31 13 5 20 4 29 21 27 11 3 19 24 8 9 1 26 10 12 28 18 2 25 17 16 0 29 13 7 23 21 5 3 27 17 1 16 9 31 19 28 20 22 30 18 26 15 25 
30 7 17 18 21 22 4 28 5 14 27 20 31 16 1 2 0 26 15 8 10 19 
4 21 31 0 27 12 20 29 13 30 24 17 1 10 7 23 15 11 6 19 26 3 
4 12 31 7 11 3 0 17 6 20 5 29 2 19 
2 11 19 4 7 27 11 27 6 11 
11 4 15 0 7 24 6 30 17 25 12 29 
6 15 7 12 17 9 1 4 5 13 2 26 31 8 23 24 0 25 19 27 
5 7 6 31 11 20 18 26 16 25 24 17 10 4 14 30 23 12 1 19 0 3 15 27 
9 26 5 6 15 23 28 13 8 16 10 11 1 25 3 27 14 22 2 20 21 29 
13 5 29 21 22 6 30 14 24 8 7 15 31 27 20 4 9 1 26 10 3 19 12 28 18 2 25 17 23 11 16 0 27 11 21 5 23 31 14 7 15 19 29 13 17 1 8 9 0 24 25 26 4 28 22 30 10 18 
CNOT: 129, depth: 10
30 14 7 15 13 5 31 23 29 21 20 4 2 10 17 1 11 27 0 9 3 19 8 24 22 6 26 18 28 12 
20 28 26 2 10 18 8 17 15 3 21 5 22 30 4 12 16 0 31 7 9 25 29 13 24 1 14 11 23 19 
30 31 8 26 28 29 21 22 0 1 14 20 12 13 15 23 19 27 18 2 10 3 24 16 
16 2 3 11 1 10 15 26 19 28 24 0 23 7 6 13 21 29 12 30 4 20 27 31 
11 20 15 16 23 3 7 8 1 9 6 19 
27 11 18 19 23 24 
2 11 15 27 23 28 
23 15 
27 4 23 19 7 28 31 3 15 2 
27 31 14 7 19 3 15 25 10 26 23 17 0 8 1 20 6 29 
6 15 5 14 0 2 27 21 23 1 7 19 22 30 25 17 3 11 29 13 10 20 9 26 24 8 
5 6 15 23 29 30 19 27 25 2 17 26 12 20 0 10 31 7 16 11 4 21 
11 27 21 5 7 23 20 4 3 19 31 15 28 12 24 0 10 18 26 2 16 25 13 30 8 9 14 22 6 29 
13 5 29 21 22 6 30 14 23 11 20 12 31 27 8 24 15 3 16 0 9 25 17 1 2 10 7 19 26 18 4 28 
CNOT: 136, depth: 14
30 14 22 6 7 15 23 31 13 5 20 4 29 21 27 11 3 19 24 8 9 1 26 10 12 28 18 2 25 17 16 0 29 13 7 23 21 5 3 27 17 1 16 9 31 19 28 20 22 30 18 26 15 25 
30 7 17 18 21 22 4 28 5 14 27 20 31 16 1 2 0 26 15 8 10 19 
4 21 31 0 27 12 20 29 13 30 24 17 1 10 7 23 15 11 6 19 26 3 
4 12 31 7 11 3 0 17 6 20 5 29 2 19 
2 11 19 4 7 27 11 27 6 11 
11 4 15 0 7 24 6 30 17 25 12 29 
6 15 7 12 17 9 1 4 5 13 2 26 31 8 23 24 0 25 19 27 
5 7 6 31 11 20 18 26 16 25 24 17 10 4 14 30 23 12 1 19 0 3 15 27 
9 26 5 6 15 23 28 13 8 16 10 11 1 25 3 27 14 22 2 20 21 29 
13 5 29 21 22 6 30 14 24 8 7 15 31 27 20 4 9 1 26 10 3 19 12 28 18 2 25 17 23 11 16 0 27 11 21 5 23 31 14 7 15 19 29 13 17 1 8 9 0 24 25 26 4 28 22 30 10 18 
CNOT: 129, depth: 10
30 14 7 15 13 5 31 23 29 21 20 4 2 10 17 1 11 27 0 9 3 19 8 24 22 6 26 18 28 12 
20 28 26 2 10 18 8 17 15 3 21 5 22 30 4 12 16 0 31 7 9 25 29 13 24 1 14 11 23 19 
30 31 8 26 28 29 21 22 0 1 14 20 12 13 15 23 19 27 18 2 10 3 24 16 
16 2 3 11 1 10 15 26 19 28 24 0 23 7 6 13 21 29 12 30 4 20 27 31 
11 20 15 16 23 3 7 8 1 9 6 19 
27 11 18 19 23 24 
2 11 15 27 23 28 
23 15 
27 4 23 19 7 28 31 3 15 2 
27 31 14 7 19 3 15 25 10 26 23 17 0 8 1 20 6 29 
6 15 5 14 0 2 27 21 23 1 7 19 22 30 25 17 3 11 29 13 10 20 9 26 24 8 
5 6 15 23 29 30 19 27 25 2 17 26 12 20 0 10 31 7 16 11 4 21 
11 27 21 5 7 23 20 4 3 19 31 15 28 12 24 0 10 18 26 2 16 25 13 30 8 9 14 22 6 29 
13 5 29 21 22 6 30 14 23 11 20 12 31 27 8 24 15 3 16 0 9 25 17 1 2 10 7 19 26 18 4 28 
CNOT: 136, depth: 14
7 15 
31 7 15 19 23 16 
7 23 15 0 30 14 
14 23 31 15 22 11 
23 15 22 30 14 3 
30 23 7 26 1 9 31 16 6 11 2 10 15 3 
23 11 9 26 14 8 7 10 19 3 30 31 
31 19 4 20 2 18 7 9 10 26 3 11 15 8 22 6 
9 25 14 1 4 3 23 10 15 31 7 2 12 28 6 19 
14 4 12 3 6 31 7 27 23 9 15 1 
31 27 4 12 7 17 21 29 11 19 14 10 23 15 
6 12 14 21 7 24 5 13 23 2 22 29 19 27 
31 7 13 22 19 4 12 21 6 5 27 11 20 28 15 10 9 2 8 16 18 26 
18 19 10 27 20 13 12 5 29 22 14 7 16 24 25 17 8 0 31 9 
22 14 19 20 27 12 21 30 25 10 26 2 0 16 6 9 17 1 28 4 18 11 
17 18 22 6 16 9 2 27 11 20 28 21 24 8 1 10 29 30 3 12 14 5 
13 22 0 1 8 25 9 17 3 28 12 19 5 30 10 2 27 11 6 21 14 29 24 16 26 18 4 20 
5 13 21 22 29 6 30 14 31 11 23 12 15 19 7 27 24 0 1 9 26 10 4 3 16 8 25 17 18 2 20 28 
CNOT: 135, depth: 18
20 0 21 1 22 2 23 3 16 4 17 5 18 6 19 7 28 8 29 9 30 10 31 11 24 12 25 13 26 14 27 15 
20 0 21 1 22 2 23 3 16 4 17 5 18 6 19 7 28 8 29 9 30 10 31 11 24 12 25 13 26 14 27 15 4 29 5 30 6 31 7 24 0 25 1 26 2 27 3 28 12 17 13 18 14 19 15 20 8 21 9 22 10 23 11 16 
CNOT: 48, depth: 2
20 0 21 1 22 2 23 3 16 4 17 5 18 6 19 7 28 8 29 9 30 10 31 11 24 12 25 13 26 14 27 15 
20 0 21 1 22 2 23 3 16 4 17 5 18 6 19 7 28 8 29 9 30 10 31 11 24 12 25 13 26 14 27 15 4 29 5 30 6 31 7 24 0 25 1 26 2 27 3 28 12 17 13 18 14 19 15 20 8 21 9 22 10 23 11 16 
CNOT: 48, depth: 2
