0 4 1
14 2 1
6 10 1
8 12 1
7 1 1
5 3 1
15 9 1
13 11 1
10 12 1
8 14 1
4 1 1
7 0 1
5 3 1
15 6 1
13 11 1
2 9 1
12 2 1
4 1 1
10 3 1
7 6 1
11 5 1
9 14 1
0 8 1
13 15 1
8 6 1
3 13 1
4 10 1
1 15 1
11 0 1
2 9 1
5 7 1
12 14 1
3 6 1
9 11 1
7 15 1
1 0 1
2 14 1
13 8 1
4 5 1
12 10 1
11 0 1
5 3 1
15 6 1
4 1 1
11 8 1
12 10 1
4 5 0
9 2 0
12 14 0
13 11 0
10 15 0
4 1 0
9 2 0
11 0 0
15 6 0
13 14 0
5 7 0
3 8 0
12 10 0
1 0 0
7 15 0
9 11 0
4 6 0
14 8 0
12 5 0
2 10 0
3 13 0
12 4 0
13 15 0
6 8 0
2 1 0
14 0 0
9 7 0
11 5 0
10 3 0
4 1 0
9 0 0
13 11 0
5 3 0
15 8 0
2 7 0
6 14 0
10 12 0
5 3 0
15 9 0
13 11 0
7 1 0
0 12 0
6 4 0
8 2 0
14 10 0
CNOT: 91
