30 14 1
22 6 1
7 15 1
23 31 1
13 5 1
20 4 1
29 21 1
27 11 1
3 19 1
24 8 1
9 1 1
26 10 1
12 28 1
18 2 1
25 17 1
16 0 1
29 13 1
7 23 1
21 5 1
3 27 1
17 1 1
16 9 1
31 19 1
28 20 1
22 30 1
18 26 1
15 25 1
2 10 1
0 8 1
4 12 1
6 14 1
11 24 1
30 7 1
11 24 1
17 18 1
21 22 1
4 28 1
1 2 1
27 12 1
5 13 1
26 3 1
15 16 1
10 19 1
6 14 1
31 23 1
8 25 1
20 29 1
0 9 1
27 29 1
4 21 1
11 3 1
31 7 1
8 16 1
23 17 1
15 20 1
0 26 1
14 30 1
2 18 1
19 10 1
12 24 1
22 28 1
25 9 1
6 1 1
5 13 1
12 29 1
31 30 1
7 3 1
10 4 1
16 9 1
15 11 1
5 13 1
17 25 1
1 27 1
23 24 1
6 0 1
18 20 1
2 8 1
14 19 1
26 21 1
28 22 1
2 11 1
1 17 1
31 0 1
26 21 1
28 22 1
7 23 1
12 24 1
15 27 1
14 29 1
6 4 1
9 18 1
3 10 1
5 8 1
16 13 1
20 19 1
30 25 1
6 1 1
5 8 1
31 25 1
12 21 0
6 11 0
30 25 0
5 7 0
15 1 0
20 19 0
16 13 0
12 21 0
3 10 0
5 7 0
15 1 0
9 18 0
11 4 0
14 19 0
2 8 0
28 30 0
26 24 0
13 22 0
16 25 0
29 23 0
0 17 0
27 20 0
6 31 0
29 23 0
28 30 0
26 24 0
13 22 0
18 20 0
1 17 0
2 4 0
7 12 0
6 15 0
8 21 0
31 3 0
25 9 0
5 14 0
19 10 0
11 27 0
0 16 0
8 21 0
31 16 0
22 28 0
14 29 0
11 20 0
6 19 0
2 10 0
23 12 0
1 25 0
13 30 0
24 9 0
18 26 0
3 27 0
15 0 0
17 4 0
5 7 0
17 4 0
31 30 0
2 18 0
1 20 0
10 11 0
7 3 0
24 25 0
21 29 0
5 6 0
28 13 0
15 23 0
14 22 0
0 8 0
19 27 0
9 26 0
16 12 0
16 12 0
6 3 0
2 20 0
10 18 0
22 30 0
4 28 0
25 26 0
0 24 0
8 9 0
17 1 0
29 13 0
15 19 0
14 7 0
23 31 0
21 5 0
27 11 0
16 0 0
23 11 0
25 17 0
18 2 0
12 28 0
3 19 0
26 10 0
9 1 0
20 4 0
31 27 0
7 15 0
24 8 0
30 14 0
22 6 0
29 21 0
13 5 0
CNOT: 202
30 14 1
22 6 1
7 15 1
23 31 1
13 5 1
20 4 1
29 21 1
27 11 1
3 19 1
24 8 1
9 1 1
26 10 1
12 28 1
18 2 1
25 17 1
16 0 1
29 13 1
7 23 1
21 5 1
3 27 1
17 1 1
16 9 1
31 19 1
28 20 1
22 30 1
18 26 1
15 25 1
2 10 1
0 8 1
4 12 1
6 14 1
11 24 1
30 7 1
11 24 1
17 18 1
21 22 1
4 28 1
1 2 1
27 12 1
5 13 1
26 3 1
15 16 1
10 19 1
6 14 1
31 23 1
8 25 1
20 29 1
0 9 1
27 29 1
4 21 1
11 3 1
31 7 1
8 16 1
23 17 1
15 20 1
0 26 1
14 30 1
2 18 1
19 10 1
12 24 1
22 28 1
25 9 1
6 1 1
5 13 1
12 29 1
31 30 1
7 3 1
10 4 1
16 9 1
15 11 1
5 13 1
17 25 1
1 27 1
23 24 1
6 0 1
18 20 1
2 8 1
14 19 1
26 21 1
28 22 1
2 11 1
1 17 1
31 0 1
26 21 1
28 22 1
7 23 1
12 24 1
15 27 1
14 29 1
6 4 1
9 18 1
3 10 1
5 8 1
16 13 1
20 19 1
30 25 1
6 1 1
5 8 1
31 25 1
12 21 0
6 11 0
30 25 0
5 7 0
15 1 0
20 19 0
16 13 0
12 21 0
3 10 0
5 7 0
15 1 0
9 18 0
11 4 0
14 19 0
2 8 0
28 30 0
26 24 0
13 22 0
16 25 0
29 23 0
0 17 0
27 20 0
6 31 0
29 23 0
28 30 0
26 24 0
13 22 0
18 20 0
1 17 0
2 4 0
7 12 0
6 15 0
8 21 0
31 3 0
25 9 0
5 14 0
19 10 0
11 27 0
0 16 0
8 21 0
31 16 0
22 28 0
14 29 0
11 20 0
6 19 0
2 10 0
23 12 0
1 25 0
13 30 0
24 9 0
18 26 0
3 27 0
15 0 0
17 4 0
5 7 0
17 4 0
31 30 0
2 18 0
1 20 0
10 11 0
7 3 0
24 25 0
21 29 0
5 6 0
28 13 0
15 23 0
14 22 0
0 8 0
19 27 0
9 26 0
16 12 0
16 12 0
6 3 0
2 20 0
10 18 0
22 30 0
4 28 0
25 26 0
0 24 0
8 9 0
17 1 0
29 13 0
15 19 0
14 7 0
23 31 0
21 5 0
27 11 0
16 0 0
23 11 0
25 17 0
18 2 0
12 28 0
3 19 0
26 10 0
9 1 0
20 4 0
31 27 0
7 15 0
24 8 0
30 14 0
22 6 0
29 21 0
13 5 0
CNOT: 202
30 14 1
22 6 1
7 15 1
23 31 1
13 5 1
20 4 1
29 21 1
27 11 1
3 19 1
24 8 1
9 1 1
26 10 1
12 28 1
18 2 1
25 17 1
16 0 1
29 13 1
7 23 1
21 5 1
3 27 1
17 1 1
16 9 1
31 19 1
28 20 1
22 30 1
18 26 1
15 25 1
2 10 1
0 8 1
4 12 1
6 14 1
11 24 1
30 7 1
11 24 1
17 18 1
21 22 1
4 28 1
1 2 1
27 12 1
5 13 1
26 3 1
15 16 1
10 19 1
6 14 1
31 23 1
8 25 1
20 29 1
0 9 1
27 29 1
4 21 1
11 3 1
31 7 1
8 16 1
23 17 1
15 20 1
0 26 1
14 30 1
2 18 1
19 10 1
12 24 1
22 28 1
25 9 1
6 1 1
5 13 1
12 29 1
31 30 1
7 3 1
10 4 1
16 9 1
15 11 1
5 13 1
17 25 1
1 27 1
23 24 1
6 0 1
18 20 1
2 8 1
14 19 1
26 21 1
28 22 1
2 11 1
1 17 1
31 0 1
26 21 1
28 22 1
7 23 1
12 24 1
15 27 1
14 29 1
6 4 1
9 18 1
3 10 1
5 8 1
16 13 1
20 19 1
30 25 1
6 1 1
5 8 1
31 25 1
12 21 0
6 11 0
30 25 0
5 7 0
15 1 0
20 19 0
16 13 0
12 21 0
3 10 0
5 7 0
15 1 0
9 18 0
11 4 0
14 19 0
2 8 0
28 30 0
26 24 0
13 22 0
16 25 0
29 23 0
0 17 0
27 20 0
6 31 0
29 23 0
28 30 0
26 24 0
13 22 0
18 20 0
1 17 0
2 4 0
7 12 0
6 15 0
8 21 0
31 3 0
25 9 0
5 14 0
19 10 0
11 27 0
0 16 0
8 21 0
31 16 0
22 28 0
14 29 0
11 20 0
6 19 0
2 10 0
23 12 0
1 25 0
13 30 0
24 9 0
18 26 0
3 27 0
15 0 0
17 4 0
5 7 0
17 4 0
31 30 0
2 18 0
1 20 0
10 11 0
7 3 0
24 25 0
21 29 0
5 6 0
28 13 0
15 23 0
14 22 0
0 8 0
19 27 0
9 26 0
16 12 0
16 12 0
6 3 0
2 20 0
10 18 0
22 30 0
4 28 0
25 26 0
0 24 0
8 9 0
17 1 0
29 13 0
15 19 0
14 7 0
23 31 0
21 5 0
27 11 0
16 0 0
23 11 0
25 17 0
18 2 0
12 28 0
3 19 0
26 10 0
9 1 0
20 4 0
31 27 0
7 15 0
24 8 0
30 14 0
22 6 0
29 21 0
13 5 0
CNOT: 202
30 14 1
22 6 1
7 15 1
23 31 1
13 5 1
20 4 1
29 21 1
27 11 1
3 19 1
24 8 1
9 1 1
26 10 1
12 28 1
18 2 1
25 17 1
16 0 1
29 13 1
7 23 1
21 5 1
3 27 1
17 1 1
16 9 1
31 19 1
28 20 1
22 30 1
18 26 1
15 25 1
2 10 1
0 8 1
4 12 1
6 14 1
11 24 1
30 7 1
11 24 1
17 18 1
21 22 1
4 28 1
1 2 1
27 12 1
5 13 1
26 3 1
15 16 1
10 19 1
6 14 1
31 23 1
8 25 1
20 29 1
0 9 1
27 29 1
4 21 1
11 3 1
31 7 1
8 16 1
23 17 1
15 20 1
0 26 1
14 30 1
2 18 1
19 10 1
12 24 1
22 28 1
25 9 1
6 1 1
5 13 1
12 29 1
31 30 1
7 3 1
10 4 1
16 9 1
15 11 1
5 13 1
17 25 1
1 27 1
23 24 1
6 0 1
18 20 1
2 8 1
14 19 1
26 21 1
28 22 1
2 11 1
1 17 1
31 0 1
26 21 1
28 22 1
7 23 1
12 24 1
15 27 1
14 29 1
6 4 1
9 18 1
3 10 1
5 8 1
16 13 1
20 19 1
30 25 1
6 1 1
5 8 1
31 25 1
12 21 0
6 11 0
30 25 0
5 7 0
15 1 0
20 19 0
16 13 0
12 21 0
3 10 0
5 7 0
15 1 0
9 18 0
11 4 0
14 19 0
2 8 0
28 30 0
26 24 0
13 22 0
16 25 0
29 23 0
0 17 0
27 20 0
6 31 0
29 23 0
28 30 0
26 24 0
13 22 0
18 20 0
1 17 0
2 4 0
7 12 0
6 15 0
8 21 0
31 3 0
25 9 0
5 14 0
19 10 0
11 27 0
0 16 0
8 21 0
31 16 0
22 28 0
14 29 0
11 20 0
6 19 0
2 10 0
23 12 0
1 25 0
13 30 0
24 9 0
18 26 0
3 27 0
15 0 0
17 4 0
5 7 0
17 4 0
31 30 0
2 18 0
1 20 0
10 11 0
7 3 0
24 25 0
21 29 0
5 6 0
28 13 0
15 23 0
14 22 0
0 8 0
19 27 0
9 26 0
16 12 0
16 12 0
6 3 0
2 20 0
10 18 0
22 30 0
4 28 0
25 26 0
0 24 0
8 9 0
17 1 0
29 13 0
15 19 0
14 7 0
23 31 0
21 5 0
27 11 0
16 0 0
23 11 0
25 17 0
18 2 0
12 28 0
3 19 0
26 10 0
9 1 0
20 4 0
31 27 0
7 15 0
24 8 0
30 14 0
22 6 0
29 21 0
13 5 0
CNOT: 202
30 14 1
22 6 1
7 15 1
23 31 1
13 5 1
20 4 1
29 21 1
27 11 1
3 19 1
24 8 1
9 1 1
26 10 1
12 28 1
18 2 1
25 17 1
16 0 1
29 13 1
7 23 1
21 5 1
3 27 1
17 1 1
16 9 1
31 19 1
28 20 1
22 30 1
18 26 1
15 25 1
2 10 1
0 8 1
4 12 1
6 14 1
11 24 1
30 7 1
11 24 1
17 18 1
21 22 1
4 28 1
1 2 1
27 12 1
5 13 1
26 3 1
15 16 1
10 19 1
6 14 1
31 23 1
8 25 1
20 29 1
0 9 1
27 29 1
4 21 1
11 3 1
31 7 1
8 16 1
23 17 1
15 20 1
0 26 1
14 30 1
2 18 1
19 10 1
12 24 1
22 28 1
25 9 1
6 1 1
5 13 1
12 29 1
31 30 1
7 3 1
10 4 1
16 9 1
15 11 1
5 13 1
17 25 1
1 27 1
23 24 1
6 0 1
18 20 1
2 8 1
14 19 1
26 21 1
28 22 1
2 11 1
1 17 1
31 0 1
26 21 1
28 22 1
7 23 1
12 24 1
15 27 1
14 29 1
6 4 1
9 18 1
3 10 1
5 8 1
16 13 1
20 19 1
30 25 1
6 1 1
5 8 1
31 25 1
12 21 0
6 11 0
30 25 0
5 7 0
15 1 0
20 19 0
16 13 0
12 21 0
3 10 0
5 7 0
15 1 0
9 18 0
11 4 0
14 19 0
2 8 0
28 30 0
26 24 0
13 22 0
16 25 0
29 23 0
0 17 0
27 20 0
6 31 0
29 23 0
28 30 0
26 24 0
13 22 0
18 20 0
1 17 0
2 4 0
7 12 0
6 15 0
8 21 0
31 3 0
25 9 0
5 14 0
19 10 0
11 27 0
0 16 0
8 21 0
31 16 0
22 28 0
14 29 0
11 20 0
6 19 0
2 10 0
23 12 0
1 25 0
13 30 0
24 9 0
18 26 0
3 27 0
15 0 0
17 4 0
5 7 0
17 4 0
31 30 0
2 18 0
1 20 0
10 11 0
7 3 0
24 25 0
21 29 0
5 6 0
28 13 0
15 23 0
14 22 0
0 8 0
19 27 0
9 26 0
16 12 0
16 12 0
6 3 0
2 20 0
10 18 0
22 30 0
4 28 0
25 26 0
0 24 0
8 9 0
17 1 0
29 13 0
15 19 0
14 7 0
23 31 0
21 5 0
27 11 0
16 0 0
23 11 0
25 17 0
18 2 0
12 28 0
3 19 0
26 10 0
9 1 0
20 4 0
31 27 0
7 15 0
24 8 0
30 14 0
22 6 0
29 21 0
13 5 0
CNOT: 202
30 14 1
22 6 1
7 15 1
23 31 1
13 5 1
20 4 1
29 21 1
27 11 1
3 19 1
24 8 1
9 1 1
26 10 1
12 28 1
18 2 1
25 17 1
16 0 1
29 13 1
7 23 1
21 5 1
3 27 1
17 1 1
16 9 1
31 19 1
28 20 1
22 30 1
18 26 1
15 25 1
2 10 1
0 8 1
4 12 1
6 14 1
11 24 1
30 7 1
11 24 1
17 18 1
21 22 1
4 28 1
1 2 1
27 12 1
5 13 1
26 3 1
15 16 1
10 19 1
6 14 1
31 23 1
8 25 1
20 29 1
0 9 1
27 29 1
4 21 1
11 3 1
31 7 1
8 16 1
23 17 1
15 20 1
0 26 1
14 30 1
2 18 1
19 10 1
12 24 1
22 28 1
25 9 1
6 1 1
5 13 1
12 29 1
31 30 1
7 3 1
10 4 1
16 9 1
15 11 1
5 13 1
17 25 1
1 27 1
23 24 1
6 0 1
18 20 1
2 8 1
14 19 1
26 21 1
28 22 1
2 11 1
1 17 1
31 0 1
26 21 1
28 22 1
7 23 1
12 24 1
15 27 1
14 29 1
6 4 1
9 18 1
3 10 1
5 8 1
16 13 1
20 19 1
30 25 1
6 1 1
5 8 1
31 25 1
12 21 0
6 11 0
30 25 0
5 7 0
15 1 0
20 19 0
16 13 0
12 21 0
3 10 0
5 7 0
15 1 0
9 18 0
11 4 0
14 19 0
2 8 0
28 30 0
26 24 0
13 22 0
16 25 0
29 23 0
0 17 0
27 20 0
6 31 0
29 23 0
28 30 0
26 24 0
13 22 0
18 20 0
1 17 0
2 4 0
7 12 0
6 15 0
8 21 0
31 3 0
25 9 0
5 14 0
19 10 0
11 27 0
0 16 0
8 21 0
31 16 0
22 28 0
14 29 0
11 20 0
6 19 0
2 10 0
23 12 0
1 25 0
13 30 0
24 9 0
18 26 0
3 27 0
15 0 0
17 4 0
5 7 0
17 4 0
31 30 0
2 18 0
1 20 0
10 11 0
7 3 0
24 25 0
21 29 0
5 6 0
28 13 0
15 23 0
14 22 0
0 8 0
19 27 0
9 26 0
16 12 0
16 12 0
6 3 0
2 20 0
10 18 0
22 30 0
4 28 0
25 26 0
0 24 0
8 9 0
17 1 0
29 13 0
15 19 0
14 7 0
23 31 0
21 5 0
27 11 0
16 0 0
23 11 0
25 17 0
18 2 0
12 28 0
3 19 0
26 10 0
9 1 0
20 4 0
31 27 0
7 15 0
24 8 0
30 14 0
22 6 0
29 21 0
13 5 0
CNOT: 202
30 14 1
22 6 1
7 15 1
23 31 1
13 5 1
20 4 1
29 21 1
27 11 1
3 19 1
24 8 1
9 1 1
26 10 1
12 28 1
18 2 1
25 17 1
16 0 1
29 13 1
7 23 1
21 5 1
3 27 1
17 1 1
16 9 1
31 19 1
28 20 1
22 30 1
18 26 1
15 25 1
2 10 1
0 8 1
4 12 1
6 14 1
11 24 1
30 7 1
11 24 1
17 18 1
21 22 1
4 28 1
1 2 1
27 12 1
5 13 1
26 3 1
15 16 1
10 19 1
6 14 1
31 23 1
8 25 1
20 29 1
0 9 1
27 29 1
4 21 1
11 3 1
31 7 1
8 16 1
23 17 1
15 20 1
0 26 1
14 30 1
2 18 1
19 10 1
12 24 1
22 28 1
25 9 1
6 1 1
5 13 1
12 29 1
31 30 1
7 3 1
10 4 1
16 9 1
15 11 1
5 13 1
17 25 1
1 27 1
23 24 1
6 0 1
18 20 1
2 8 1
14 19 1
26 21 1
28 22 1
2 11 1
1 17 1
31 0 1
26 21 1
28 22 1
7 23 1
12 24 1
15 27 1
14 29 1
6 4 1
9 18 1
3 10 1
5 8 1
16 13 1
20 19 1
30 25 1
6 1 1
5 8 1
31 25 1
12 21 0
6 11 0
30 25 0
5 7 0
15 1 0
20 19 0
16 13 0
12 21 0
3 10 0
5 7 0
15 1 0
9 18 0
11 4 0
14 19 0
2 8 0
28 30 0
26 24 0
13 22 0
16 25 0
29 23 0
0 17 0
27 20 0
6 31 0
29 23 0
28 30 0
26 24 0
13 22 0
18 20 0
1 17 0
2 4 0
7 12 0
6 15 0
8 21 0
31 3 0
25 9 0
5 14 0
19 10 0
11 27 0
0 16 0
8 21 0
31 16 0
22 28 0
14 29 0
11 20 0
6 19 0
2 10 0
23 12 0
1 25 0
13 30 0
24 9 0
18 26 0
3 27 0
15 0 0
17 4 0
5 7 0
17 4 0
31 30 0
2 18 0
1 20 0
10 11 0
7 3 0
24 25 0
21 29 0
5 6 0
28 13 0
15 23 0
14 22 0
0 8 0
19 27 0
9 26 0
16 12 0
16 12 0
6 3 0
2 20 0
10 18 0
22 30 0
4 28 0
25 26 0
0 24 0
8 9 0
17 1 0
29 13 0
15 19 0
14 7 0
23 31 0
21 5 0
27 11 0
16 0 0
23 11 0
25 17 0
18 2 0
12 28 0
3 19 0
26 10 0
9 1 0
20 4 0
31 27 0
7 15 0
24 8 0
30 14 0
22 6 0
29 21 0
13 5 0
CNOT: 202
30 14 1
22 6 1
7 15 1
23 31 1
13 5 1
20 4 1
29 21 1
27 11 1
3 19 1
24 8 1
9 1 1
26 10 1
12 28 1
18 2 1
25 17 1
16 0 1
29 13 1
7 23 1
21 5 1
3 27 1
17 1 1
16 9 1
31 19 1
28 20 1
22 30 1
18 26 1
15 25 1
2 10 1
0 8 1
4 12 1
6 14 1
11 24 1
30 7 1
11 24 1
17 18 1
21 22 1
4 28 1
1 2 1
27 12 1
5 13 1
26 3 1
15 16 1
10 19 1
6 14 1
31 23 1
8 25 1
20 29 1
0 9 1
27 29 1
4 21 1
11 3 1
31 7 1
8 16 1
23 17 1
15 20 1
0 26 1
14 30 1
2 18 1
19 10 1
12 24 1
22 28 1
25 9 1
6 1 1
5 13 1
12 29 1
31 30 1
7 3 1
10 4 1
16 9 1
15 11 1
5 13 1
17 25 1
1 27 1
23 24 1
6 0 1
18 20 1
2 8 1
14 19 1
26 21 1
28 22 1
2 11 1
1 17 1
31 0 1
26 21 1
28 22 1
7 23 1
12 24 1
15 27 1
14 29 1
6 4 1
9 18 1
3 10 1
5 8 1
16 13 1
20 19 1
30 25 1
6 1 1
5 8 1
31 25 1
12 21 0
6 11 0
30 25 0
5 7 0
15 1 0
20 19 0
16 13 0
12 21 0
3 10 0
5 7 0
15 1 0
9 18 0
11 4 0
14 19 0
2 8 0
28 30 0
26 24 0
13 22 0
16 25 0
29 23 0
0 17 0
27 20 0
6 31 0
29 23 0
28 30 0
26 24 0
13 22 0
18 20 0
1 17 0
2 4 0
7 12 0
6 15 0
8 21 0
31 3 0
25 9 0
5 14 0
19 10 0
11 27 0
0 16 0
8 21 0
31 16 0
22 28 0
14 29 0
11 20 0
6 19 0
2 10 0
23 12 0
1 25 0
13 30 0
24 9 0
18 26 0
3 27 0
15 0 0
17 4 0
5 7 0
17 4 0
31 30 0
2 18 0
1 20 0
10 11 0
7 3 0
24 25 0
21 29 0
5 6 0
28 13 0
15 23 0
14 22 0
0 8 0
19 27 0
9 26 0
16 12 0
16 12 0
6 3 0
2 20 0
10 18 0
22 30 0
4 28 0
25 26 0
0 24 0
8 9 0
17 1 0
29 13 0
15 19 0
14 7 0
23 31 0
21 5 0
27 11 0
16 0 0
23 11 0
25 17 0
18 2 0
12 28 0
3 19 0
26 10 0
9 1 0
20 4 0
31 27 0
7 15 0
24 8 0
30 14 0
22 6 0
29 21 0
13 5 0
CNOT: 202
30 14 1
22 6 1
7 15 1
23 31 1
13 5 1
20 4 1
29 21 1
27 11 1
3 19 1
24 8 1
9 1 1
26 10 1
12 28 1
18 2 1
25 17 1
16 0 1
29 13 1
7 23 1
21 5 1
3 27 1
17 1 1
16 9 1
31 19 1
28 20 1
22 30 1
18 26 1
15 25 1
2 10 1
0 8 1
4 12 1
6 14 1
11 24 1
30 7 1
11 24 1
17 18 1
21 22 1
4 28 1
1 2 1
27 12 1
5 13 1
26 3 1
15 16 1
10 19 1
6 14 1
31 23 1
8 25 1
20 29 1
0 9 1
27 29 1
4 21 1
11 3 1
31 7 1
8 16 1
23 17 1
15 20 1
0 26 1
14 30 1
2 18 1
19 10 1
12 24 1
22 28 1
25 9 1
6 1 1
5 13 1
12 29 1
31 30 1
7 3 1
10 4 1
16 9 1
15 11 1
5 13 1
17 25 1
1 27 1
23 24 1
6 0 1
18 20 1
2 8 1
14 19 1
26 21 1
28 22 1
2 11 1
1 17 1
31 0 1
26 21 1
28 22 1
7 23 1
12 24 1
15 27 1
14 29 1
6 4 1
9 18 1
3 10 1
5 8 1
16 13 1
20 19 1
30 25 1
6 1 1
5 8 1
31 25 1
12 21 0
6 11 0
30 25 0
5 7 0
15 1 0
20 19 0
16 13 0
12 21 0
3 10 0
5 7 0
15 1 0
9 18 0
11 4 0
14 19 0
2 8 0
28 30 0
26 24 0
13 22 0
16 25 0
29 23 0
0 17 0
27 20 0
6 31 0
29 23 0
28 30 0
26 24 0
13 22 0
18 20 0
1 17 0
2 4 0
7 12 0
6 15 0
8 21 0
31 3 0
25 9 0
5 14 0
19 10 0
11 27 0
0 16 0
8 21 0
31 16 0
22 28 0
14 29 0
11 20 0
6 19 0
2 10 0
23 12 0
1 25 0
13 30 0
24 9 0
18 26 0
3 27 0
15 0 0
17 4 0
5 7 0
17 4 0
31 30 0
2 18 0
1 20 0
10 11 0
7 3 0
24 25 0
21 29 0
5 6 0
28 13 0
15 23 0
14 22 0
0 8 0
19 27 0
9 26 0
16 12 0
16 12 0
6 3 0
2 20 0
10 18 0
22 30 0
4 28 0
25 26 0
0 24 0
8 9 0
17 1 0
29 13 0
15 19 0
14 7 0
23 31 0
21 5 0
27 11 0
16 0 0
23 11 0
25 17 0
18 2 0
12 28 0
3 19 0
26 10 0
9 1 0
20 4 0
31 27 0
7 15 0
24 8 0
30 14 0
22 6 0
29 21 0
13 5 0
CNOT: 202
