15 19 0
30 17 0
7 31 0
15 17 0
22 30 0
7 15 0
22 17 0
23 19 0
15 27 0
30 7 0
30 23 0
4 20 0
22 6 0
0 16 0
15 25 0
7 1 0
17 1 0
26 3 0
28 4 0
6 27 0
31 23 0
15 0 0
7 2 0
0 1 0
17 2 0
30 22 0
11 27 0
24 16 0
10 26 0
6 4 0
12 28 0
7 18 0
23 15 0
25 2 0
28 20 0
4 27 0
29 21 0
9 1 0
8 16 0
11 19 0
22 14 0
6 12 0
13 5 0
23 7 0
31 24 0
18 3 0
15 10 0
0 1 0
12 20 0
18 10 0
31 27 0
7 9 0
25 17 0
28 5 0
24 8 0
13 29 0
6 19 0
23 11 0
3 4 0
21 30 0
14 15 0
0 1 0
12 20 0
23 8 0
22 30 0
17 18 0
14 31 0
10 11 0
26 19 0
25 9 0
6 15 0
28 21 0
3 13 0
10 9 0
28 22 0
0 1 0
15 31 0
24 16 0
14 23 0
4 13 0
27 11 0
26 2 0
20 12 0
6 7 0
8 17 0
5 21 0
19 3 0
4 11 0
0 24 0
5 29 0
2 18 0
20 13 0
17 10 0
1 25 0
31 7 0
14 3 0
26 12 0
19 28 0
21 6 0
19 12 0
9 10 0
7 8 0
20 5 0
6 13 0
16 0 0
1 17 0
27 4 0
29 22 0
18 3 0
11 28 0
21 14 0
25 26 0
12 28 0
2 9 0
16 8 0
6 22 0
14 30 0
26 18 0
10 25 0
3 11 0
4 19 0
13 5 0
27 20 0
0 17 0
24 1 0
29 21 0
16 24 0
17 10 0
2 18 0
28 27 0
9 26 0
12 20 0
1 25 0
8 0 0
15 3 0
7 19 0
23 11 0
31 4 0
22 14 0
30 6 0
5 29 0
13 21 0
CNOT: 142
7 23 0
15 19 0
17 3 0
19 11 0
23 15 0
7 15 0
31 11 0
6 14 0
17 19 0
23 10 0
15 11 0
7 8 0
20 12 0
26 24 0
28 4 0
31 17 0
23 1 0
14 19 0
6 22 0
16 24 0
2 18 0
13 29 0
10 11 0
15 9 0
28 19 0
4 12 0
7 17 0
3 27 0
23 26 0
14 31 0
26 10 0
2 11 0
17 28 0
14 7 0
20 19 0
4 13 0
22 16 0
30 6 0
15 3 0
23 31 0
16 24 0
17 11 0
29 13 0
21 5 0
25 1 0
7 3 0
10 20 0
31 9 0
6 14 0
26 2 0
15 23 0
27 28 0
22 4 0
17 9 0
26 24 0
6 8 0
19 3 0
15 7 0
23 25 0
5 29 0
31 2 0
14 13 0
22 27 0
28 20 0
4 21 0
7 9 0
17 2 0
24 16 0
23 0 0
11 19 0
10 18 0
1 26 0
14 15 0
22 31 0
21 30 0
20 4 0
29 6 0
6 30 0
26 18 0
7 2 0
22 11 0
10 19 0
8 24 0
0 16 0
17 27 0
14 20 0
12 28 0
9 1 0
31 15 0
4 21 0
29 23 0
31 23 0
15 24 0
9 25 0
0 8 0
10 27 0
2 11 0
18 26 0
19 20 0
5 6 0
14 7 0
1 17 0
12 4 0
29 22 0
7 8 0
22 23 0
27 21 0
13 30 0
16 0 0
25 2 0
12 5 0
3 19 0
1 10 0
24 9 0
11 4 0
26 20 0
29 14 0
28 4 0
16 24 0
30 6 0
18 2 0
14 13 0
22 21 0
10 26 0
19 27 0
20 11 0
9 1 0
3 12 0
8 25 0
0 17 0
5 29 0
16 8 0
17 9 0
28 3 0
18 10 0
25 1 0
24 0 0
4 12 0
2 26 0
15 11 0
23 19 0
7 20 0
31 27 0
30 22 0
6 14 0
13 29 0
21 5 0
CNOT: 147
31 15 0
31 23 0
10 3 0
10 26 0
28 20 0
30 6 0
11 19 0
7 31 0
30 14 0
22 13 0
31 8 0
4 28 0
15 11 0
2 10 0
6 7 0
4 20 0
2 3 0
15 19 0
23 8 0
17 24 0
18 26 0
13 5 0
14 28 0
31 10 0
7 11 0
22 5 0
6 30 0
23 19 0
21 29 0
12 20 0
18 2 0
25 9 0
10 11 0
7 27 0
31 17 0
28 13 0
5 13 0
18 26 0
14 27 0
2 10 0
23 15 0
12 19 0
16 8 0
31 9 0
30 22 0
7 3 0
17 1 0
28 21 0
11 4 0
14 13 0
3 4 0
29 21 0
30 5 0
1 9 0
23 16 0
0 8 0
31 18 0
10 27 0
22 28 0
17 25 0
15 7 0
11 12 0
17 9 0
19 12 0
14 3 0
23 8 0
22 11 0
16 0 0
25 18 0
7 31 0
1 10 0
29 30 0
27 28 0
17 24 0
10 18 0
16 8 0
5 13 0
22 3 0
20 19 0
7 23 0
2 11 0
15 1 0
14 31 0
0 25 0
28 29 0
17 9 0
10 18 0
4 19 0
31 0 0
11 28 0
25 1 0
8 24 0
27 12 0
5 30 0
14 15 0
22 23 0
3 29 0
26 2 0
26 10 0
3 11 0
12 29 0
2 27 0
20 4 0
1 17 0
24 16 0
23 15 0
22 0 0
9 25 0
13 6 0
30 14 0
28 4 0
14 21 0
19 29 0
15 0 0
5 6 0
8 17 0
2 18 0
9 26 0
11 27 0
12 3 0
20 13 0
16 1 0
30 22 0
24 0 0
18 10 0
14 5 0
22 13 0
1 9 0
26 2 0
17 25 0
21 6 0
3 11 0
19 20 0
8 16 0
4 28 0
27 12 0
29 30 0
4 19 0
25 1 0
0 8 0
10 26 0
28 20 0
24 16 0
17 9 0
18 2 0
23 3 0
15 11 0
7 27 0
31 12 0
6 14 0
5 22 0
13 30 0
21 29 0
CNOT: 153
11 27 0
30 14 0
23 12 0
15 11 0
15 27 0
0 8 0
31 16 0
11 12 0
6 30 0
6 14 0
10 17 0
26 18 0
31 27 0
23 16 0
28 4 0
25 9 0
15 0 0
30 11 0
6 14 0
25 17 0
19 12 0
20 28 0
31 0 0
18 2 0
30 23 0
8 10 0
7 15 0
27 4 0
26 2 0
20 4 0
9 17 0
7 31 0
21 29 0
5 13 0
24 0 0
28 3 0
8 25 0
23 19 0
22 6 0
14 27 0
18 11 0
11 27 0
20 4 0
22 13 0
30 7 0
14 2 0
31 23 0
18 9 0
0 8 0
10 1 0
28 21 0
19 3 0
6 15 0
6 30 0
7 3 0
25 1 0
9 17 0
31 24 0
22 29 0
15 23 0
14 20 0
2 11 0
0 10 0
18 19 0
28 5 0
8 26 0
1 17 0
10 26 0
14 2 0
13 29 0
31 7 0
6 21 0
27 20 0
25 18 0
5 22 0
23 8 0
11 28 0
7 16 0
17 9 0
19 20 0
14 11 0
2 27 0
1 10 0
31 18 0
8 25 0
13 5 0
28 22 0
6 23 0
7 16 0
20 12 0
6 11 0
23 31 0
27 22 0
5 30 0
14 25 0
19 28 0
29 13 0
9 10 0
26 2 0
26 1 0
27 19 0
2 11 0
15 7 0
9 25 0
4 20 0
3 28 0
22 5 0
14 23 0
16 0 0
29 6 0
13 22 0
23 15 0
12 20 0
0 24 0
7 8 0
17 18 0
4 5 0
2 1 0
28 27 0
19 11 0
9 26 0
21 30 0
29 14 0
15 25 0
1 26 0
8 16 0
14 13 0
6 21 0
17 2 0
11 28 0
20 3 0
27 19 0
12 22 0
10 9 0
24 18 0
5 29 0
1 17 0
20 12 0
3 4 0
25 9 0
0 8 0
18 10 0
26 2 0
16 24 0
31 27 0
7 28 0
15 11 0
23 19 0
13 6 0
30 14 0
22 5 0
21 29 0
CNOT: 152
15 24 0
7 15 0
7 16 0
26 2 0
15 31 0
6 22 0
26 18 0
7 11 0
15 23 0
7 24 0
14 22 0
4 28 0
23 16 0
18 19 0
11 3 0
30 6 0
15 2 0
31 27 0
7 3 0
2 27 0
23 31 0
26 10 0
14 30 0
16 24 0
28 20 0
15 19 0
6 11 0
7 24 0
23 19 0
14 22 0
4 20 0
31 16 0
13 21 0
15 18 0
26 17 0
6 27 0
30 28 0
2 11 0
2 18 0
4 20 0
14 22 0
16 24 0
30 27 0
13 5 0
15 26 0
6 19 0
31 7 0
11 28 0
14 22 0
23 24 0
27 28 0
5 21 0
8 16 0
30 4 0
12 20 0
31 2 0
9 17 0
15 3 0
19 11 0
6 7 0
29 13 0
26 1 0
20 28 0
6 23 0
21 13 0
30 3 0
15 25 0
18 12 0
31 9 0
24 8 0
17 26 0
5 14 0
22 7 0
11 29 0
24 16 0
17 1 0
20 28 0
11 12 0
18 10 0
15 0 0
30 7 0
3 4 0
25 9 0
22 31 0
8 26 0
29 5 0
13 6 0
24 16 0
20 12 0
30 5 0
27 19 0
21 14 0
9 2 0
1 25 0
10 17 0
18 3 0
22 11 0
7 8 0
28 29 0
13 15 0
21 6 0
7 15 0
3 5 0
26 9 0
12 4 0
0 24 0
2 18 0
25 17 0
23 31 0
27 11 0
30 8 0
13 22 0
20 28 0
2 17 0
28 12 0
22 15 0
19 29 0
14 6 0
31 8 0
4 5 0
25 18 0
16 0 0
1 9 0
20 21 0
3 27 0
10 11 0
13 30 0
0 8 0
18 10 0
30 29 0
22 14 0
27 19 0
26 25 0
12 28 0
4 20 0
17 2 0
11 3 0
16 9 0
24 1 0
21 13 0
12 4 0
2 18 0
8 16 0
9 26 0
1 25 0
28 20 0
17 10 0
0 24 0
31 3 0
23 27 0
7 11 0
15 19 0
14 30 0
6 22 0
29 13 0
5 21 0
CNOT: 156
23 31 1
22 30 1
21 29 1
25 28 1
24 27 1
18 26 1
17 20 1
11 19 1
9 16 1
7 15 1
6 14 1
5 13 1
4 12 1
2 10 1
1 8 1
7 31 1
23 30 1
22 29 1
19 27 1
10 26 1
24 25 1
14 21 1
2 18 1
17 20 1
6 13 1
5 12 1
3 11 1
1 9 1
15 0 1
7 31 1
29 30 1
24 27 1
6 22 1
5 21 1
4 20 1
11 19 1
23 14 1
25 9 1
0 8 1
18 2 1
17 1 1
26 10 1
12 3 1
15 31 1
22 30 1
21 29 1
11 27 1
17 25 1
9 24 1
7 23 1
6 20 1
14 19 1
26 18 1
0 16 1
1 10 1
12 5 1
8 28 1
14 30 1
12 28 1
31 27 1
24 25 1
15 23 1
18 17 1
4 11 1
16 9 1
29 7 1
26 6 1
22 13 1
0 2 1
15 30 1
25 28 1
23 27 1
21 26 1
17 24 1
31 14 1
7 13 1
20 6 1
18 4 1
16 2 1
1 3 1
24 28 1
18 27 1
21 25 1
31 23 1
30 20 1
26 19 1
13 7 1
17 16 1
15 6 1
0 2 1
1 31 1
21 28 1
0 25 1
23 17 1
24 16 1
26 6 1
27 3 1
31 28 1
21 22 1
5 6 1
26 3 1
8 28 1
31 27 1
21 15 1
31 3 0
31 16 0
4 6 0
15 3 0
21 2 0
13 28 0
31 1 0
15 20 0
21 6 0
30 11 0
23 16 0
25 2 0
3 27 0
19 28 0
0 2 0
26 4 0
15 23 0
21 14 0
30 1 0
12 6 0
10 27 0
3 28 0
20 7 0
16 25 0
19 13 0
21 2 0
26 5 0
30 15 0
24 17 0
11 4 0
23 25 0
3 6 0
22 7 0
1 27 0
16 28 0
14 19 0
26 2 0
5 13 0
15 22 0
8 24 0
7 11 0
23 4 0
25 31 0
3 27 0
1 14 0
9 28 0
16 17 0
19 6 0
29 20 0
12 3 0
21 7 0
0 31 0
24 18 0
27 4 0
23 30 0
25 16 0
22 20 0
9 2 0
19 5 0
6 11 0
28 13 0
14 29 0
21 26 0
18 9 0
4 19 0
8 24 0
7 15 0
23 5 0
25 0 0
10 2 0
13 11 0
20 12 0
22 1 0
16 17 0
6 28 0
14 30 0
29 27 0
15 11 0
12 28 0
17 0 0
25 8 0
10 26 0
3 19 0
20 7 0
22 27 0
16 9 0
2 24 0
6 13 0
14 23 0
29 1 0
18 31 0
24 26 0
11 5 0
12 15 0
7 21 0
25 0 0
22 23 0
1 27 0
9 17 0
16 8 0
2 10 0
19 3 0
6 13 0
28 20 0
29 14 0
CNOT: 209
CNOT: 0
CNOT: 0
CNOT: 0
23 31 1
22 30 1
21 29 1
25 28 1
24 27 1
18 26 1
17 20 1
11 19 1
9 16 1
7 15 1
6 14 1
5 13 1
4 12 1
2 10 1
1 8 1
7 31 1
23 30 1
22 29 1
19 27 1
10 26 1
24 25 1
14 21 1
2 18 1
17 20 1
6 13 1
5 12 1
3 11 1
1 9 1
15 0 1
7 31 1
29 30 1
24 27 1
6 22 1
5 21 1
4 20 1
11 19 1
23 14 1
25 9 1
0 8 1
18 2 1
17 1 1
26 10 1
12 3 1
15 31 1
22 30 1
21 29 1
11 27 1
17 25 1
9 24 1
7 23 1
6 20 1
14 19 1
26 18 1
0 16 1
1 10 1
12 5 1
8 28 1
14 30 1
12 28 1
31 27 1
24 25 1
15 23 1
18 17 1
4 11 1
16 9 1
29 7 1
26 6 1
22 13 1
0 2 1
15 30 1
25 28 1
23 27 1
21 26 1
17 24 1
31 14 1
7 13 1
20 6 1
18 4 1
16 2 1
1 3 1
24 28 1
18 27 1
21 25 1
31 23 1
30 20 1
26 19 1
13 7 1
17 16 1
15 6 1
0 2 1
1 31 1
21 28 1
0 25 1
23 17 1
24 16 1
26 6 1
27 3 1
31 28 1
21 22 1
5 6 1
26 3 1
8 28 1
31 27 1
21 15 1
31 3 0
31 16 0
4 6 0
15 3 0
21 2 0
13 28 0
31 1 0
15 20 0
21 6 0
30 11 0
23 16 0
25 2 0
3 27 0
19 28 0
0 2 0
26 4 0
15 23 0
21 14 0
30 1 0
12 6 0
10 27 0
3 28 0
20 7 0
16 25 0
19 13 0
21 2 0
26 5 0
30 15 0
24 17 0
11 4 0
23 25 0
3 6 0
22 7 0
1 27 0
16 28 0
14 19 0
26 2 0
5 13 0
15 22 0
8 24 0
7 11 0
23 4 0
25 31 0
3 27 0
1 14 0
9 28 0
16 17 0
19 6 0
29 20 0
12 3 0
21 7 0
0 31 0
24 18 0
27 4 0
23 30 0
25 16 0
22 20 0
9 2 0
19 5 0
6 11 0
28 13 0
14 29 0
21 26 0
18 9 0
4 19 0
8 24 0
7 15 0
23 5 0
25 0 0
10 2 0
13 11 0
20 12 0
22 1 0
16 17 0
6 28 0
14 30 0
29 27 0
15 11 0
12 28 0
17 0 0
25 8 0
10 26 0
3 19 0
20 7 0
22 27 0
16 9 0
2 24 0
6 13 0
14 23 0
29 1 0
18 31 0
24 26 0
11 5 0
12 15 0
7 21 0
25 0 0
22 23 0
1 27 0
9 17 0
16 8 0
2 10 0
19 3 0
6 13 0
28 20 0
29 14 0
CNOT: 209
CNOT: 0
CNOT: 0
CNOT: 0
CNOT: 0
CNOT: 0
CNOT: 0
CNOT: 0
CNOT: 0
30 14 1
22 6 1
7 15 1
23 31 1
13 5 1
20 4 1
29 21 1
27 11 1
3 19 1
18 2 1
12 28 1
25 1 1
8 24 1
17 9 1
26 10 1
0 16 1
23 7 1
29 13 1
21 5 1
1 9 1
27 3 1
15 0 1
31 19 1
16 8 1
28 20 1
22 30 1
17 25 1
10 2 1
8 17 1
30 23 1
25 18 1
21 22 1
4 28 1
5 14 1
7 1 1
3 20 1
26 27 1
15 16 1
31 24 1
9 10 1
6 19 1
2 11 1
15 23 1
3 12 1
20 29 1
7 26 1
18 27 1
13 30 1
0 17 1
4 21 1
31 8 1
6 24 1
7 8 1
4 12 1
6 15 1
2 3 1
5 13 1
1 26 1
31 25 1
11 3 1
6 20 1
7 25 1
12 29 1
23 31 1
15 27 1
25 27 1
15 3 1
27 3 0
15 25 0
6 30 0
7 3 0
31 27 0
15 11 0
31 7 0
2 20 0
5 29 0
23 12 0
6 25 0
19 27 0
15 24 0
23 16 0
14 30 0
1 17 0
2 19 0
10 27 0
9 25 0
7 12 0
11 4 0
5 6 0
31 16 0
21 29 0
19 4 0
9 27 0
14 22 0
11 20 0
5 23 0
28 13 0
6 7 0
10 2 0
17 25 0
24 1 0
6 23 0
2 26 0
24 0 0
22 30 0
16 25 0
4 28 0
10 18 0
1 9 0
29 13 0
15 19 0
14 7 0
21 5 0
27 11 0
0 16 0
23 11 0
26 10 0
17 9 0
8 24 0
25 1 0
12 28 0
3 19 0
18 2 0
20 4 0
31 27 0
7 15 0
30 14 0
22 6 0
29 21 0
13 5 0
CNOT: 130
CNOT: 0
CNOT: 0
CNOT: 0
CNOT: 0
CNOT: 0
23 30 0
27 19 0
23 31 0
1 9 0
22 30 0
31 27 0
20 28 0
4 11 0
23 15 0
9 17 0
30 27 0
1 17 0
31 19 0
21 12 0
23 7 0
22 6 0
9 18 0
15 11 0
28 27 0
10 26 0
4 12 0
21 5 0
1 25 0
3 11 0
13 29 0
31 24 0
15 0 0
14 22 0
9 27 0
30 23 0
6 20 0
0 11 0
1 18 0
7 24 0
25 27 0
10 17 0
31 16 0
9 2 0
22 23 0
4 20 0
15 30 0
6 13 0
28 21 0
19 3 0
1 18 0
21 12 0
7 0 0
28 13 0
15 9 0
6 22 0
31 30 0
25 10 0
19 4 0
22 14 0
0 11 0
10 17 0
18 2 0
15 1 0
12 13 0
30 3 0
29 5 0
6 28 0
31 9 0
23 19 0
7 25 0
13 20 0
16 24 0
29 21 0
15 8 0
2 26 0
18 10 0
23 28 0
27 3 0
6 31 0
17 1 0
30 7 0
11 4 0
5 22 0
9 3 0
12 21 0
6 20 0
23 30 0
7 31 0
17 18 0
16 0 0
10 27 0
24 1 0
13 14 0
5 15 0
2 19 0
4 28 0
27 28 0
7 15 0
25 3 0
21 14 0
12 11 0
0 1 0
10 2 0
6 30 0
29 22 0
26 18 0
8 24 0
4 13 0
5 23 0
10 18 0
23 15 0
20 13 0
14 22 0
24 16 0
17 2 0
19 4 0
0 9 0
3 27 0
1 25 0
26 28 0
12 29 0
5 6 0
11 13 0
2 26 0
23 14 0
0 8 0
6 20 0
18 10 0
9 17 0
27 4 0
28 19 0
3 12 0
16 1 0
29 5 0
25 17 0
8 16 0
24 0 0
13 3 0
10 26 0
18 2 0
11 12 0
1 9 0
7 27 0
15 4 0
30 28 0
31 19 0
22 23 0
14 6 0
21 5 0
20 29 0
CNOT: 145
30 27 0
6 31 0
15 7 0
30 24 0
30 16 0
15 23 0
25 1 0
6 27 0
15 16 0
6 21 0
22 24 0
30 31 0
1 27 0
23 19 0
31 27 0
25 17 0
15 3 0
28 20 0
26 10 0
1 9 0
30 23 0
6 22 0
25 9 0
17 27 0
19 3 0
13 29 0
15 24 0
6 30 0
12 11 0
22 31 0
14 23 0
20 4 0
1 26 0
6 14 0
26 10 0
23 16 0
12 4 0
30 15 0
18 2 0
7 8 0
20 3 0
17 9 0
21 5 0
19 11 0
22 13 0
31 1 0
10 9 0
6 16 0
7 24 0
30 14 0
15 19 0
26 27 0
12 28 0
13 21 0
1 25 0
23 8 0
17 18 0
22 20 0
6 5 0
18 27 0
10 9 0
24 8 0
30 3 0
0 16 0
29 21 0
2 11 0
22 12 0
7 15 0
31 19 0
1 17 0
14 20 0
23 25 0
28 13 0
10 9 0
15 3 0
31 24 0
22 16 0
2 27 0
18 26 0
7 0 0
5 29 0
8 25 0
14 30 0
20 13 0
28 6 0
23 1 0
17 19 0
11 12 0
10 9 0
14 15 0
30 27 0
5 13 0
22 17 0
23 31 0
26 19 0
4 11 0
7 25 0
16 1 0
29 6 0
12 20 0
23 15 0
16 8 0
26 18 0
14 13 0
5 6 0
3 11 0
0 24 0
2 10 0
31 7 0
1 17 0
9 25 0
27 19 0
20 28 0
29 22 0
3 20 0
7 23 0
2 11 0
21 6 0
4 13 0
19 28 0
5 30 0
8 0 0
10 18 0
14 16 0
27 12 0
9 17 0
29 31 0
22 31 0
26 10 0
15 17 0
13 6 0
28 11 0
21 30 0
23 16 0
24 25 0
8 1 0
9 2 0
20 27 0
18 12 0
4 5 0
29 14 0
0 16 0
10 2 0
14 21 0
22 6 0
11 3 0
28 4 0
25 17 0
24 8 0
12 20 0
1 9 0
27 19 0
26 18 0
5 29 0
10 26 0
11 4 0
16 8 0
17 9 0
25 1 0
0 24 0
3 28 0
2 18 0
23 20 0
15 27 0
7 12 0
31 19 0
21 22 0
30 14 0
13 29 0
6 5 0
CNOT: 170
23 31 0
31 8 0
23 8 0
3 27 0
31 7 0
23 7 0
10 27 0
26 11 0
20 28 0
18 2 0
31 19 0
23 8 0
7 19 0
22 6 0
30 14 0
18 11 0
20 4 0
26 27 0
28 3 0
15 31 0
15 23 0
26 10 0
28 20 0
11 27 0
13 21 0
24 8 0
18 9 0
30 22 0
31 16 0
19 3 0
15 16 0
29 5 0
30 21 0
18 17 0
20 12 0
7 11 0
10 28 0
23 26 0
6 19 0
8 0 0
22 31 0
6 3 0
11 27 0
24 0 0
22 15 0
10 20 0
31 19 0
13 29 0
21 5 0
7 18 0
8 26 0
14 28 0
6 3 0
29 21 0
24 0 0
10 11 0
1 9 0
25 17 0
14 31 0
12 4 0
26 19 0
8 18 0
7 15 0
27 20 0
5 30 0
28 13 0
16 0 0
10 26 0
15 11 0
14 21 0
17 9 0
6 31 0
18 19 0
7 24 0
27 28 0
23 1 0
12 13 0
8 25 0
30 22 0
29 21 0
24 0 0
10 13 0
9 1 0
12 5 0
11 19 0
17 18 0
14 23 0
31 8 0
30 7 0
6 27 0
2 28 0
17 26 0
21 5 0
2 10 0
31 7 0
16 24 0
1 25 0
4 20 0
29 22 0
15 23 0
11 28 0
6 8 0
9 18 0
30 14 0
27 12 0
14 7 0
13 5 0
3 28 0
25 26 0
21 22 0
23 8 0
0 16 0
10 17 0
1 18 0
9 2 0
27 11 0
19 12 0
30 6 0
4 29 0
20 12 0
0 8 0
17 2 0
6 21 0
14 13 0
11 19 0
26 10 0
25 9 0
28 27 0
3 4 0
24 18 0
16 1 0
29 30 0
8 16 0
18 25 0
2 10 0
0 24 0
17 26 0
1 9 0
12 4 0
20 3 0
31 27 0
23 28 0
15 19 0
7 11 0
22 6 0
21 14 0
5 30 0
13 29 0
CNOT: 148
22 11 0
7 23 0
30 2 0
7 18 0
6 2 0
12 11 0
15 31 0
12 5 0
7 2 0
23 19 0
6 22 0
7 19 0
6 11 0
26 16 0
12 28 0
23 3 0
2 18 0
22 31 0
6 18 0
7 19 0
31 11 0
26 10 0
20 4 0
25 0 0
30 14 0
5 29 0
2 3 0
22 12 0
23 15 0
30 18 0
7 15 0
14 3 0
21 13 0
27 11 0
12 29 0
26 19 0
20 5 0
22 2 0
23 25 0
25 0 0
6 30 0
7 8 0
20 12 0
2 19 0
22 10 0
14 5 0
31 27 0
23 26 0
4 21 0
6 29 0
20 11 0
10 19 0
15 0 0
4 5 0
26 3 0
12 21 0
14 27 0
22 23 0
30 7 0
30 8 0
26 2 0
15 27 0
16 24 0
22 9 0
4 28 0
14 12 0
23 17 0
13 6 0
31 7 0
19 20 0
14 20 0
2 27 0
22 18 0
26 16 0
10 3 0
1 25 0
17 9 0
6 30 0
15 31 0
4 13 0
7 23 0
19 12 0
31 17 0
26 24 0
13 21 0
25 9 0
22 6 0
7 2 0
18 10 0
23 16 0
15 1 0
14 30 0
27 20 0
12 4 0
8 16 0
14 23 0
22 18 0
7 15 0
10 20 0
9 1 0
25 26 0
27 12 0
17 2 0
28 13 0
3 4 0
29 6 0
13 21 0
7 31 0
3 27 0
18 20 0
10 19 0
14 15 0
0 8 0
11 12 0
24 25 0
28 29 0
9 17 0
6 22 0
31 8 0
22 21 0
4 11 0
28 20 0
24 0 0
10 26 0
5 29 0
1 2 0
12 3 0
9 18 0
27 19 0
16 25 0
6 14 0
20 11 0
26 2 0
24 17 0
14 5 0
22 30 0
21 29 0
0 16 0
3 27 0
18 10 0
19 12 0
4 28 0
25 9 0
8 1 0
13 6 0
16 24 0
20 28 0
1 25 0
26 10 0
11 4 0
2 18 0
17 9 0
0 8 0
7 19 0
23 3 0
15 27 0
31 12 0
30 14 0
29 22 0
5 6 0
21 13 0
CNOT: 161
15 7 0
24 19 0
23 15 0
23 31 0
6 22 0
24 10 0
26 25 0
15 27 0
31 27 0
12 20 0
18 2 0
23 19 0
14 22 0
26 17 0
30 6 0
7 3 0
8 24 0
8 10 0
9 16 0
14 30 0
6 19 0
2 3 0
25 1 0
20 4 0
15 24 0
7 23 0
31 26 0
14 22 0
12 4 0
8 19 0
29 21 0
9 17 0
30 20 0
3 27 0
15 25 0
24 26 0
10 18 0
6 23 0
26 25 0
22 19 0
30 6 0
18 2 0
13 5 0
15 10 0
31 9 0
11 3 0
28 12 0
23 24 0
20 29 0
9 16 0
2 19 0
4 29 0
17 26 0
15 8 0
7 0 0
5 21 0
31 10 0
30 3 0
18 11 0
20 13 0
12 14 0
22 23 0
27 28 0
17 1 0
22 7 0
18 2 0
26 10 0
9 25 0
12 29 0
8 0 0
4 5 0
14 6 0
24 11 0
23 31 0
3 19 0
30 15 0
27 20 0
5 13 0
12 4 0
7 11 0
3 20 0
31 15 0
30 24 0
2 17 0
22 23 0
1 26 0
0 9 0
25 18 0
21 14 0
19 27 0
13 29 0
2 28 0
26 9 0
15 7 0
27 11 0
1 25 0
17 10 0
16 0 0
4 6 0
22 19 0
3 12 0
21 30 0
3 27 0
18 17 0
29 14 0
4 28 0
30 13 0
7 24 0
0 8 0
5 6 0
1 2 0
9 25 0
10 19 0
11 12 0
21 22 0
28 12 0
17 2 0
24 16 0
30 6 0
22 14 0
19 11 0
18 10 0
13 5 0
27 3 0
26 1 0
20 4 0
8 9 0
29 21 0
2 10 0
25 26 0
28 4 0
0 24 0
9 1 0
16 8 0
12 20 0
17 18 0
23 11 0
15 3 0
7 19 0
31 27 0
6 22 0
14 30 0
5 21 0
13 29 0
CNOT: 144
26 27 0
2 1 0
6 22 0
7 23 0
31 27 0
12 19 0
18 27 0
9 25 0
30 6 0
7 31 0
23 1 0
26 18 0
11 19 0
23 8 0
6 27 0
22 28 0
25 2 0
15 7 0
2 1 0
30 27 0
9 17 0
14 3 0
4 20 0
31 24 0
23 19 0
25 18 0
22 11 0
6 15 0
9 1 0
7 8 0
17 2 0
26 10 0
30 3 0
22 12 0
14 27 0
13 5 0
29 21 0
23 31 0
28 4 0
18 11 0
15 25 0
30 14 0
9 1 0
25 11 0
7 19 0
10 27 0
21 5 0
31 16 0
22 29 0
23 15 0
18 3 0
17 26 0
4 13 0
8 19 0
25 3 0
9 1 0
18 26 0
12 28 0
10 11 0
20 13 0
23 17 0
7 0 0
22 6 0
21 30 0
14 4 0
31 15 0
8 19 0
18 11 0
17 1 0
27 3 0
31 9 0
28 13 0
2 26 0
22 7 0
30 6 0
4 29 0
16 0 0
14 25 0
10 12 0
20 21 0
15 23 0
21 29 0
18 11 0
15 31 0
22 25 0
10 26 0
7 3 0
8 16 0
1 9 0
28 20 0
14 23 0
5 30 0
19 12 0
27 4 0
0 17 0
21 29 0
23 7 0
16 24 0
0 8 0
1 2 0
17 25 0
11 4 0
22 15 0
18 10 0
20 30 0
12 27 0
5 14 0
3 28 0
7 25 0
10 2 0
12 28 0
24 8 0
14 29 0
16 0 0
20 19 0
1 18 0
9 17 0
13 30 0
3 11 0
26 27 0
5 22 0
19 28 0
10 26 0
22 13 0
14 6 0
16 9 0
29 30 0
11 12 0
25 1 0
2 18 0
27 3 0
24 0 0
4 20 0
8 17 0
21 5 0
19 20 0
24 8 0
9 1 0
2 26 0
17 25 0
0 16 0
18 10 0
28 4 0
7 27 0
15 12 0
23 3 0
31 11 0
6 22 0
30 14 0
29 21 0
13 5 0
CNOT: 151
14 23 0
15 27 0
7 31 0
15 23 0
30 19 0
3 27 0
7 23 0
15 3 0
26 10 0
30 23 0
31 27 0
15 27 0
17 25 0
28 12 0
14 19 0
31 26 0
23 3 0
30 22 0
3 19 0
17 1 0
31 2 0
7 15 0
20 28 0
23 26 0
15 2 0
4 12 0
30 6 0
22 26 0
8 16 0
17 24 0
28 19 0
31 25 0
1 9 0
23 7 0
10 3 0
30 14 0
2 26 0
4 20 0
29 13 0
17 16 0
31 18 0
6 22 0
15 1 0
7 11 0
3 28 0
4 12 0
10 27 0
15 9 0
25 18 0
6 23 0
21 5 0
11 28 0
26 3 0
22 1 0
20 29 0
14 8 0
31 17 0
6 30 0
17 16 0
23 1 0
26 11 0
27 28 0
20 12 0
7 8 0
15 25 0
29 21 0
22 31 0
3 4 0
5 21 0
17 24 0
11 4 0
25 9 0
0 16 0
15 7 0
23 31 0
14 3 0
22 27 0
1 26 0
20 30 0
28 29 0
6 30 0
26 2 0
15 0 0
27 3 0
14 1 0
13 5 0
31 7 0
16 8 0
10 18 0
9 17 0
12 4 0
28 20 0
22 29 0
25 2 0
31 15 0
26 18 0
0 24 0
21 13 0
19 4 0
7 1 0
30 6 0
14 23 0
11 29 0
8 9 0
27 28 0
1 9 0
3 29 0
19 28 0
10 4 0
18 2 0
8 25 0
16 0 0
22 31 0
17 26 0
21 30 0
27 11 0
5 14 0
26 18 0
20 4 0
24 16 0
14 29 0
0 8 0
9 1 0
28 3 0
17 10 0
13 6 0
12 21 0
2 11 0
5 22 0
0 9 0
18 26 0
22 30 0
14 6 0
10 2 0
29 21 0
11 28 0
20 12 0
4 19 0
3 27 0
16 8 0
25 17 0
24 1 0
13 5 0
26 10 0
4 12 0
16 24 0
19 20 0
9 17 0
8 0 0
1 25 0
18 2 0
31 27 0
15 3 0
7 28 0
23 11 0
6 22 0
30 14 0
21 13 0
29 5 0
CNOT: 159
31 23 0
15 31 0
15 23 0
31 7 0
15 23 0
31 19 0
15 7 0
6 14 0
31 3 0
23 19 0
4 3 0
6 27 0
18 10 0
31 8 0
14 15 0
23 8 0
12 28 0
30 27 0
14 31 0
4 20 0
10 26 0
15 25 0
22 6 0
18 26 0
13 29 0
9 25 0
19 3 0
31 27 0
7 1 0
23 16 0
6 14 0
12 4 0
15 10 0
12 3 0
18 26 0
14 31 0
10 27 0
30 22 0
6 4 0
23 9 0
28 13 0
15 1 0
19 11 0
18 26 0
25 1 0
9 16 0
30 27 0
21 5 0
12 11 0
31 23 0
22 14 0
6 0 0
4 13 0
7 15 0
10 19 0
11 3 0
29 13 0
9 1 0
30 27 0
31 0 0
18 2 0
14 19 0
28 20 0
7 17 0
6 12 0
15 23 0
25 10 0
4 21 0
6 21 0
7 3 0
14 15 0
9 17 0
29 5 0
23 31 0
0 24 0
25 18 0
28 30 0
19 12 0
27 4 0
9 16 0
1 17 0
20 13 0
7 0 0
11 12 0
6 25 0
31 18 0
14 21 0
2 10 0
26 19 0
4 28 0
5 30 0
29 13 0
11 3 0
14 27 0
31 7 0
12 28 0
20 21 0
1 18 0
2 26 0
23 25 0
8 0 0
24 16 0
6 15 0
17 9 0
19 4 0
5 22 0
25 9 0
2 18 0
12 19 0
26 27 0
21 30 0
24 8 0
20 11 0
29 22 0
14 31 0
3 4 0
17 10 0
0 1 0
5 6 0
3 11 0
6 22 0
16 8 0
9 25 0
13 30 0
26 18 0
17 2 0
19 27 0
4 12 0
20 29 0
24 1 0
5 14 0
30 22 0
18 2 0
14 21 0
24 9 0
6 13 0
11 28 0
12 19 0
10 26 0
27 4 0
3 20 0
16 0 0
1 17 0
8 25 0
29 5 0
11 3 0
18 10 0
25 17 0
16 8 0
9 1 0
28 20 0
0 24 0
2 26 0
7 4 0
23 27 0
31 12 0
15 19 0
30 14 0
22 6 0
13 29 0
21 5 0
CNOT: 161
31 27 0
31 8 0
15 3 0
31 23 0
6 30 0
25 27 0
15 8 0
11 19 0
30 14 0
7 31 0
6 14 0
5 29 0
7 19 0
31 15 0
30 27 0
14 27 0
7 11 0
23 8 0
22 13 0
28 20 0
15 19 0
6 29 0
25 0 0
5 21 0
30 3 0
31 17 0
14 3 0
23 19 0
10 26 0
6 13 0
16 1 0
9 27 0
12 20 0
4 28 0
31 25 0
22 5 0
30 11 0
15 7 0
4 20 0
5 13 0
7 25 0
22 6 0
30 15 0
2 18 0
23 16 0
31 10 0
14 28 0
3 11 0
17 9 0
19 12 0
16 1 0
22 21 0
13 29 0
25 17 0
14 4 0
9 10 0
31 24 0
6 3 0
11 19 0
23 15 0
7 2 0
28 5 0
10 26 0
29 13 0
22 21 0
25 0 0
7 1 0
6 30 0
24 16 0
17 2 0
14 5 0
23 9 0
11 4 0
15 31 0
18 3 0
19 28 0
13 5 0
23 3 0
2 26 0
6 19 0
29 21 0
9 17 0
1 25 0
14 30 0
18 11 0
8 24 0
15 7 0
28 22 0
29 13 0
15 8 0
5 22 0
18 2 0
14 31 0
6 7 0
20 12 0
16 25 0
17 3 0
24 9 0
11 28 0
27 19 0
21 23 0
19 3 0
15 23 0
16 24 0
13 22 0
1 17 0
12 4 0
10 2 0
14 7 0
0 8 0
29 30 0
20 28 0
11 27 0
21 6 0
9 18 0
15 8 0
6 23 0
24 25 0
13 30 0
10 18 0
16 0 0
3 28 0
4 22 0
26 27 0
20 29 0
9 1 0
2 19 0
21 14 0
26 10 0
6 5 0
14 13 0
16 17 0
19 11 0
4 20 0
27 3 0
12 28 0
0 24 0
25 18 0
8 1 0
29 21 0
18 26 0
17 9 0
1 25 0
12 20 0
24 16 0
28 4 0
0 8 0
10 2 0
31 3 0
15 27 0
7 11 0
23 19 0
30 14 0
13 6 0
22 21 0
5 29 0
CNOT: 156
30 14 1
22 6 1
7 15 1
23 31 1
13 5 1
20 4 1
29 21 1
27 11 1
3 19 1
18 2 1
12 28 1
25 1 1
8 24 1
17 9 1
26 10 1
0 16 1
23 7 1
29 13 1
21 5 1
1 9 1
27 3 1
15 0 1
31 19 1
16 8 1
28 20 1
22 30 1
17 25 1
10 2 1
8 17 1
30 23 1
25 18 1
21 22 1
4 28 1
5 14 1
7 1 1
3 20 1
26 27 1
15 16 1
31 24 1
9 10 1
6 19 1
2 11 1
15 23 1
3 12 1
20 29 1
7 26 1
18 27 1
13 30 1
0 17 1
4 21 1
31 8 1
6 24 1
7 8 1
4 12 1
6 15 1
2 3 1
5 13 1
1 26 1
31 25 1
11 3 1
6 20 1
7 25 1
12 29 1
23 31 1
15 27 1
25 27 1
15 3 1
27 3 0
15 25 0
6 30 0
7 3 0
31 27 0
15 11 0
31 7 0
2 20 0
5 29 0
23 12 0
6 25 0
19 27 0
15 24 0
23 16 0
14 30 0
1 17 0
2 19 0
10 27 0
9 25 0
7 12 0
11 4 0
5 6 0
31 16 0
21 29 0
19 4 0
9 27 0
14 22 0
11 20 0
5 23 0
28 13 0
6 7 0
10 2 0
17 25 0
24 1 0
6 23 0
2 26 0
24 0 0
22 30 0
16 25 0
4 28 0
10 18 0
1 9 0
29 13 0
15 19 0
14 7 0
21 5 0
27 11 0
0 16 0
23 11 0
26 10 0
17 9 0
8 24 0
25 1 0
12 28 0
3 19 0
18 2 0
20 4 0
31 27 0
7 15 0
30 14 0
22 6 0
29 21 0
13 5 0
CNOT: 130
30 14 1
22 6 1
7 15 1
23 31 1
13 5 1
20 4 1
29 21 1
27 11 1
3 19 1
18 2 1
12 28 1
25 1 1
8 24 1
17 9 1
26 10 1
0 16 1
23 7 1
29 13 1
21 5 1
1 9 1
27 3 1
15 0 1
31 19 1
16 8 1
28 20 1
22 30 1
17 25 1
10 2 1
8 17 1
30 23 1
25 18 1
21 22 1
4 28 1
5 14 1
7 1 1
3 20 1
26 27 1
15 16 1
31 24 1
9 10 1
6 19 1
2 11 1
15 23 1
3 12 1
20 29 1
7 26 1
18 27 1
13 30 1
0 17 1
4 21 1
31 8 1
6 24 1
7 8 1
4 12 1
6 15 1
2 3 1
5 13 1
1 26 1
31 25 1
11 3 1
6 20 1
7 25 1
12 29 1
23 31 1
15 27 1
25 27 1
15 3 1
27 3 0
15 25 0
6 30 0
7 3 0
31 27 0
15 11 0
31 7 0
2 20 0
5 29 0
23 12 0
6 25 0
19 27 0
15 24 0
23 16 0
14 30 0
1 17 0
2 19 0
10 27 0
9 25 0
7 12 0
11 4 0
5 6 0
31 16 0
21 29 0
19 4 0
9 27 0
14 22 0
11 20 0
5 23 0
28 13 0
6 7 0
10 2 0
17 25 0
24 1 0
6 23 0
2 26 0
24 0 0
22 30 0
16 25 0
4 28 0
10 18 0
1 9 0
29 13 0
15 19 0
14 7 0
21 5 0
27 11 0
0 16 0
23 11 0
26 10 0
17 9 0
8 24 0
25 1 0
12 28 0
3 19 0
18 2 0
20 4 0
31 27 0
7 15 0
30 14 0
22 6 0
29 21 0
13 5 0
CNOT: 130
CNOT: 0
CNOT: 0
30 14 1
22 6 1
7 15 1
23 31 1
13 5 1
20 4 1
29 21 1
27 11 1
3 19 1
18 2 1
12 28 1
25 1 1
8 24 1
17 9 1
26 10 1
0 16 1
23 7 1
29 13 1
21 5 1
1 9 1
27 3 1
15 0 1
31 19 1
16 8 1
28 20 1
22 30 1
17 25 1
10 2 1
8 17 1
30 23 1
25 18 1
21 22 1
4 28 1
5 14 1
7 1 1
3 20 1
26 27 1
15 16 1
31 24 1
9 10 1
6 19 1
2 11 1
15 23 1
3 12 1
20 29 1
7 26 1
18 27 1
13 30 1
0 17 1
4 21 1
31 8 1
6 24 1
7 8 1
4 12 1
6 15 1
2 3 1
5 13 1
1 26 1
31 25 1
11 3 1
6 20 1
7 25 1
12 29 1
23 31 1
15 27 1
25 27 1
15 3 1
27 3 0
15 25 0
6 30 0
7 3 0
31 27 0
15 11 0
31 7 0
2 20 0
5 29 0
23 12 0
6 25 0
19 27 0
15 24 0
23 16 0
14 30 0
1 17 0
2 19 0
10 27 0
9 25 0
7 12 0
11 4 0
5 6 0
31 16 0
21 29 0
19 4 0
9 27 0
14 22 0
11 20 0
5 23 0
28 13 0
6 7 0
10 2 0
17 25 0
24 1 0
6 23 0
2 26 0
24 0 0
22 30 0
16 25 0
4 28 0
10 18 0
1 9 0
29 13 0
15 19 0
14 7 0
21 5 0
27 11 0
0 16 0
23 11 0
26 10 0
17 9 0
8 24 0
25 1 0
12 28 0
3 19 0
18 2 0
20 4 0
31 27 0
7 15 0
30 14 0
22 6 0
29 21 0
13 5 0
CNOT: 130
CNOT: 0
CNOT: 0
7 15 0
23 16 0
15 19 0
31 7 0
30 14 0
15 0 0
7 23 0
22 11 0
31 15 0
14 23 0
14 3 0
22 30 0
23 15 0
15 3 0
2 10 0
6 11 0
31 16 0
1 9 0
7 26 0
30 23 0
30 31 0
19 3 0
7 10 0
14 8 0
9 26 0
23 11 0
22 6 0
15 8 0
3 11 0
10 26 0
7 9 0
2 18 0
4 20 0
31 19 0
6 19 0
12 28 0
7 2 0
15 31 0
23 10 0
4 3 0
14 1 0
9 25 0
15 1 0
23 9 0
7 27 0
6 31 0
12 3 0
14 4 0
23 15 0
14 10 0
11 19 0
21 29 0
7 17 0
4 12 0
31 27 0
19 27 0
22 29 0
23 2 0
5 13 0
7 24 0
14 21 0
6 12 0
18 26 0
8 16 0
9 2 0
15 10 0
20 28 0
27 11 0
6 5 0
12 21 0
19 4 0
13 22 0
31 7 0
31 9 0
8 0 0
25 17 0
16 24 0
14 7 0
29 22 0
12 5 0
20 13 0
10 27 0
18 19 0
18 11 0
28 4 0
17 1 0
6 9 0
0 16 0
26 2 0
25 10 0
21 30 0
27 12 0
19 20 0
22 14 0
14 5 0
3 12 0
29 30 0
1 10 0
24 8 0
28 21 0
11 20 0
2 27 0
16 9 0
22 6 0
17 18 0
4 20 0
26 18 0
24 16 0
14 29 0
6 21 0
27 11 0
10 2 0
5 30 0
12 19 0
3 28 0
9 17 0
8 25 0
0 1 0
13 22 0
20 28 0
18 2 0
25 17 0
16 8 0
4 3 0
26 10 0
1 9 0
24 0 0
7 27 0
15 19 0
23 12 0
31 11 0
30 14 0
29 6 0
21 22 0
5 13 0
CNOT: 135
7 15 0
23 16 0
15 19 0
31 7 0
30 14 0
15 0 0
7 23 0
22 11 0
31 15 0
14 23 0
14 3 0
22 30 0
23 15 0
15 3 0
2 10 0
6 11 0
31 16 0
1 9 0
7 26 0
30 23 0
30 31 0
19 3 0
7 10 0
14 8 0
9 26 0
23 11 0
22 6 0
15 8 0
3 11 0
10 26 0
7 9 0
2 18 0
4 20 0
31 19 0
6 19 0
12 28 0
7 2 0
15 31 0
23 10 0
4 3 0
14 1 0
9 25 0
15 1 0
23 9 0
7 27 0
6 31 0
12 3 0
14 4 0
23 15 0
14 10 0
11 19 0
21 29 0
7 17 0
4 12 0
31 27 0
19 27 0
22 29 0
23 2 0
5 13 0
7 24 0
14 21 0
6 12 0
18 26 0
8 16 0
9 2 0
15 10 0
20 28 0
27 11 0
6 5 0
12 21 0
19 4 0
13 22 0
31 7 0
31 9 0
8 0 0
25 17 0
16 24 0
14 7 0
29 22 0
12 5 0
20 13 0
10 27 0
18 19 0
18 11 0
28 4 0
17 1 0
6 9 0
0 16 0
26 2 0
25 10 0
21 30 0
27 12 0
19 20 0
22 14 0
14 5 0
3 12 0
29 30 0
1 10 0
24 8 0
28 21 0
11 20 0
2 27 0
16 9 0
22 6 0
17 18 0
4 20 0
26 18 0
24 16 0
14 29 0
6 21 0
27 11 0
10 2 0
5 30 0
12 19 0
3 28 0
9 17 0
8 25 0
0 1 0
13 22 0
20 28 0
18 2 0
25 17 0
16 8 0
4 3 0
26 10 0
1 9 0
24 0 0
7 27 0
15 19 0
23 12 0
31 11 0
30 14 0
29 6 0
21 22 0
5 13 0
CNOT: 135
30 14 1
22 6 1
7 15 1
23 31 1
13 5 1
20 4 1
29 21 1
27 11 1
3 19 1
18 2 1
12 28 1
25 1 1
8 24 1
17 9 1
26 10 1
0 16 1
23 7 1
29 13 1
21 5 1
1 9 1
27 3 1
15 0 1
31 19 1
16 8 1
28 20 1
22 30 1
17 25 1
10 2 1
4 12 1
6 14 1
26 24 1
11 18 1
30 23 1
3 12 1
11 18 1
21 22 1
4 28 1
17 8 1
15 31 1
20 27 1
7 1 1
5 13 1
26 24 1
19 29 1
9 10 1
6 14 1
0 16 1
2 25 1
19 20 1
12 29 1
15 17 1
31 7 1
4 21 1
0 8 1
5 16 1
2 25 1
13 30 1
1 26 1
23 24 1
6 14 1
18 27 1
9 10 1
22 11 1
3 28 1
20 3 1
31 26 1
6 12 1
14 30 1
21 4 1
22 11 1
1 17 1
7 18 1
9 25 1
13 28 1
23 16 1
15 19 1
2 0 1
5 8 1
24 10 1
29 27 1
6 15 1
29 27 1
25 12 1
1 26 1
5 8 1
30 9 1
24 10 1
18 13 1
7 17 1
20 28 1
23 31 1
21 11 1
2 0 1
4 3 1
16 14 1
22 19 1
16 6 1
4 3 1
30 9 1
1 10 1
22 19 1
13 20 1
15 21 1
12 23 1
7 25 1
26 27 1
17 29 1
31 27 0
6 14 0
4 29 0
22 28 0
18 25 0
12 23 0
1 10 0
17 29 0
31 27 0
30 9 0
22 28 0
13 20 0
18 25 0
16 6 0
2 0 0
21 11 0
15 19 0
5 14 0
24 8 0
7 26 0
3 4 0
15 21 0
30 9 0
24 8 0
18 13 0
2 0 0
1 26 0
4 29 0
25 12 0
31 16 0
19 11 0
22 27 0
3 28 0
10 20 0
5 6 0
14 17 0
23 7 0
14 17 0
21 4 0
22 27 0
13 28 0
9 10 0
31 24 0
15 12 0
1 8 0
0 16 0
5 29 0
2 19 0
25 18 0
26 30 0
6 23 0
7 20 0
11 3 0
26 30 0
5 16 0
3 4 0
9 18 0
31 12 0
0 17 0
19 11 0
6 7 0
21 29 0
15 23 0
28 13 0
14 22 0
27 20 0
10 2 0
8 25 0
24 1 0
31 12 0
8 17 0
3 27 0
6 23 0
2 26 0
24 0 0
22 30 0
16 25 0
4 28 0
10 18 0
1 9 0
29 13 0
15 19 0
14 7 0
21 5 0
20 11 0
0 16 0
23 11 0
26 10 0
8 9 0
17 24 0
25 1 0
12 28 0
27 19 0
18 2 0
3 4 0
31 20 0
7 15 0
30 14 0
22 6 0
29 21 0
13 5 0
CNOT: 208
7 15 0
23 16 0
15 19 0
31 7 0
30 14 0
15 0 0
7 23 0
22 11 0
31 15 0
14 23 0
14 3 0
22 30 0
23 15 0
15 3 0
2 10 0
6 11 0
31 16 0
1 9 0
7 26 0
30 23 0
30 31 0
19 3 0
7 10 0
14 8 0
9 26 0
23 11 0
22 6 0
15 8 0
3 11 0
10 26 0
7 9 0
2 18 0
4 20 0
31 19 0
6 19 0
12 28 0
7 2 0
15 31 0
23 10 0
4 3 0
14 1 0
9 25 0
15 1 0
23 9 0
7 27 0
6 31 0
12 3 0
14 4 0
23 15 0
14 10 0
11 19 0
21 29 0
7 17 0
4 12 0
31 27 0
19 27 0
22 29 0
23 2 0
5 13 0
7 24 0
14 21 0
6 12 0
18 26 0
8 16 0
9 2 0
15 10 0
20 28 0
27 11 0
6 5 0
12 21 0
19 4 0
13 22 0
31 7 0
31 9 0
8 0 0
25 17 0
16 24 0
14 7 0
29 22 0
12 5 0
20 13 0
10 27 0
18 19 0
18 11 0
28 4 0
17 1 0
6 9 0
0 16 0
26 2 0
25 10 0
21 30 0
27 12 0
19 20 0
22 14 0
14 5 0
3 12 0
29 30 0
1 10 0
24 8 0
28 21 0
11 20 0
2 27 0
16 9 0
22 6 0
17 18 0
4 20 0
26 18 0
24 16 0
14 29 0
6 21 0
27 11 0
10 2 0
5 30 0
12 19 0
3 28 0
9 17 0
8 25 0
0 1 0
13 22 0
20 28 0
18 2 0
25 17 0
16 8 0
4 3 0
26 10 0
1 9 0
24 0 0
7 27 0
15 19 0
23 12 0
31 11 0
30 14 0
29 6 0
21 22 0
5 13 0
CNOT: 135
7 15 0
23 16 0
15 19 0
31 7 0
30 14 0
15 0 0
7 23 0
22 11 0
31 15 0
14 23 0
14 3 0
22 30 0
23 15 0
15 3 0
2 10 0
6 11 0
31 16 0
1 9 0
7 26 0
30 23 0
30 31 0
19 3 0
7 10 0
14 8 0
9 26 0
23 11 0
22 6 0
15 8 0
3 11 0
10 26 0
7 9 0
2 18 0
4 20 0
31 19 0
6 19 0
12 28 0
7 2 0
15 31 0
23 10 0
4 3 0
14 1 0
9 25 0
15 1 0
23 9 0
7 27 0
6 31 0
12 3 0
14 4 0
23 15 0
14 10 0
11 19 0
21 29 0
7 17 0
4 12 0
31 27 0
19 27 0
22 29 0
23 2 0
5 13 0
7 24 0
14 21 0
6 12 0
18 26 0
8 16 0
9 2 0
15 10 0
20 28 0
27 11 0
6 5 0
12 21 0
19 4 0
13 22 0
31 7 0
31 9 0
8 0 0
25 17 0
16 24 0
14 7 0
29 22 0
12 5 0
20 13 0
10 27 0
18 19 0
18 11 0
28 4 0
17 1 0
6 9 0
0 16 0
26 2 0
25 10 0
21 30 0
27 12 0
19 20 0
22 14 0
14 5 0
3 12 0
29 30 0
1 10 0
24 8 0
28 21 0
11 20 0
2 27 0
16 9 0
22 6 0
17 18 0
4 20 0
26 18 0
24 16 0
14 29 0
6 21 0
27 11 0
10 2 0
5 30 0
12 19 0
3 28 0
9 17 0
8 25 0
0 1 0
13 22 0
20 28 0
18 2 0
25 17 0
16 8 0
4 3 0
26 10 0
1 9 0
24 0 0
7 27 0
15 19 0
23 12 0
31 11 0
30 14 0
29 6 0
21 22 0
5 13 0
CNOT: 135
30 14 1
22 6 1
7 15 1
23 31 1
13 5 1
20 4 1
29 21 1
27 11 1
3 19 1
24 8 1
9 1 1
26 10 1
12 28 1
18 2 1
25 17 1
16 0 1
29 13 1
7 23 1
21 5 1
3 27 1
17 1 1
16 9 1
31 19 1
28 20 1
22 30 1
18 26 1
15 25 1
30 7 1
17 18 1
21 22 1
4 28 1
5 14 1
27 20 1
31 16 1
1 2 1
0 26 1
15 8 1
10 19 1
4 21 1
31 0 1
27 12 1
20 29 1
13 30 1
24 17 1
1 10 1
7 23 1
15 11 1
6 19 1
26 3 1
4 12 1
31 7 1
11 3 1
0 17 1
6 20 1
5 29 1
2 19 1
2 11 1
19 4 1
7 27 1
12 29 0
17 25 0
6 30 0
7 24 0
15 0 0
11 4 0
19 27 0
0 25 0
23 24 0
31 8 0
2 26 0
5 13 0
1 4 0
17 9 0
7 12 0
6 15 0
15 27 0
0 3 0
1 19 0
23 12 0
14 30 0
10 4 0
24 17 0
16 25 0
18 26 0
11 20 0
6 31 0
5 7 0
21 29 0
2 20 0
14 22 0
3 27 0
1 25 0
10 11 0
8 16 0
28 13 0
15 23 0
5 6 0
9 26 0
10 18 0
22 30 0
4 28 0
25 26 0
0 24 0
8 9 0
17 1 0
29 13 0
15 19 0
14 7 0
23 31 0
21 5 0
27 11 0
16 0 0
23 11 0
25 17 0
18 2 0
12 28 0
3 19 0
26 10 0
9 1 0
20 4 0
31 27 0
7 15 0
24 8 0
30 14 0
22 6 0
29 21 0
13 5 0
CNOT: 127
30 14 1
22 6 1
7 15 1
23 31 1
13 5 1
20 4 1
29 21 1
27 11 1
3 19 1
24 8 1
9 1 1
26 10 1
12 28 1
18 2 1
25 17 1
16 0 1
29 13 1
7 23 1
21 5 1
3 27 1
17 1 1
16 9 1
31 19 1
28 20 1
22 30 1
18 26 1
15 25 1
30 7 1
17 18 1
21 22 1
4 28 1
5 14 1
27 20 1
31 16 1
1 2 1
0 26 1
15 8 1
10 19 1
4 21 1
31 0 1
27 12 1
20 29 1
13 30 1
24 17 1
1 10 1
7 23 1
15 11 1
6 19 1
26 3 1
4 12 1
31 7 1
11 3 1
0 17 1
6 20 1
5 29 1
2 19 1
2 11 1
19 4 1
7 27 1
12 29 0
17 25 0
6 30 0
7 24 0
15 0 0
11 4 0
19 27 0
0 25 0
23 24 0
31 8 0
2 26 0
5 13 0
1 4 0
17 9 0
7 12 0
6 15 0
15 27 0
0 3 0
1 19 0
23 12 0
14 30 0
10 4 0
24 17 0
16 25 0
18 26 0
11 20 0
6 31 0
5 7 0
21 29 0
2 20 0
14 22 0
3 27 0
1 25 0
10 11 0
8 16 0
28 13 0
15 23 0
5 6 0
9 26 0
10 18 0
22 30 0
4 28 0
25 26 0
0 24 0
8 9 0
17 1 0
29 13 0
15 19 0
14 7 0
23 31 0
21 5 0
27 11 0
16 0 0
23 11 0
25 17 0
18 2 0
12 28 0
3 19 0
26 10 0
9 1 0
20 4 0
31 27 0
7 15 0
24 8 0
30 14 0
22 6 0
29 21 0
13 5 0
CNOT: 127
30 14 1
22 6 1
7 15 1
23 31 1
13 5 1
20 4 1
29 21 1
27 11 1
3 19 1
24 8 1
9 1 1
26 10 1
12 28 1
18 2 1
25 17 1
16 0 1
29 13 1
7 23 1
21 5 1
3 27 1
17 1 1
16 9 1
31 19 1
28 20 1
22 30 1
18 26 1
15 25 1
30 7 1
17 18 1
21 22 1
4 28 1
5 14 1
27 20 1
31 16 1
1 2 1
0 26 1
15 8 1
10 19 1
4 21 1
31 0 1
27 12 1
20 29 1
13 30 1
24 17 1
1 10 1
7 23 1
15 11 1
6 19 1
26 3 1
4 12 1
31 7 1
11 3 1
0 17 1
6 20 1
5 29 1
2 19 1
2 11 1
19 4 1
7 27 1
12 29 0
17 25 0
6 30 0
7 24 0
15 0 0
11 4 0
19 27 0
0 25 0
23 24 0
31 8 0
2 26 0
5 13 0
1 4 0
17 9 0
7 12 0
6 15 0
15 27 0
0 3 0
1 19 0
23 12 0
14 30 0
10 4 0
24 17 0
16 25 0
18 26 0
11 20 0
6 31 0
5 7 0
21 29 0
2 20 0
14 22 0
3 27 0
1 25 0
10 11 0
8 16 0
28 13 0
15 23 0
5 6 0
9 26 0
10 18 0
22 30 0
4 28 0
25 26 0
0 24 0
8 9 0
17 1 0
29 13 0
15 19 0
14 7 0
23 31 0
21 5 0
27 11 0
16 0 0
23 11 0
25 17 0
18 2 0
12 28 0
3 19 0
26 10 0
9 1 0
20 4 0
31 27 0
7 15 0
24 8 0
30 14 0
22 6 0
29 21 0
13 5 0
CNOT: 127
30 14 1
22 6 1
7 15 1
23 31 1
13 5 1
20 4 1
29 21 1
27 11 1
3 19 1
24 8 1
9 1 1
26 10 1
12 28 1
18 2 1
25 17 1
16 0 1
29 13 1
7 23 1
21 5 1
3 27 1
17 1 1
16 9 1
31 19 1
28 20 1
22 30 1
18 26 1
15 25 1
30 7 1
17 18 1
21 22 1
4 28 1
5 14 1
27 20 1
31 16 1
1 2 1
0 26 1
15 8 1
10 19 1
4 21 1
31 0 1
27 12 1
20 29 1
13 30 1
24 17 1
1 10 1
7 23 1
15 11 1
6 19 1
26 3 1
4 12 1
31 7 1
11 3 1
0 17 1
6 20 1
5 29 1
2 19 1
2 11 1
19 4 1
7 27 1
12 29 0
17 25 0
6 30 0
7 24 0
15 0 0
11 4 0
19 27 0
0 25 0
23 24 0
31 8 0
2 26 0
5 13 0
1 4 0
17 9 0
7 12 0
6 15 0
15 27 0
0 3 0
1 19 0
23 12 0
14 30 0
10 4 0
24 17 0
16 25 0
18 26 0
11 20 0
6 31 0
5 7 0
21 29 0
2 20 0
14 22 0
3 27 0
1 25 0
10 11 0
8 16 0
28 13 0
15 23 0
5 6 0
9 26 0
10 18 0
22 30 0
4 28 0
25 26 0
0 24 0
8 9 0
17 1 0
29 13 0
15 19 0
14 7 0
23 31 0
21 5 0
27 11 0
16 0 0
23 11 0
25 17 0
18 2 0
12 28 0
3 19 0
26 10 0
9 1 0
20 4 0
31 27 0
7 15 0
24 8 0
30 14 0
22 6 0
29 21 0
13 5 0
CNOT: 127
30 14 1
22 6 1
7 15 1
23 31 1
13 5 1
20 4 1
29 21 1
27 11 1
3 19 1
24 8 1
9 1 1
26 10 1
12 28 1
18 2 1
25 17 1
16 0 1
29 13 1
7 23 1
21 5 1
3 27 1
17 1 1
16 9 1
31 19 1
28 20 1
22 30 1
18 26 1
15 25 1
30 7 1
17 18 1
21 22 1
4 28 1
5 14 1
27 20 1
31 16 1
1 2 1
0 26 1
15 8 1
10 19 1
4 21 1
31 0 1
27 12 1
20 29 1
13 30 1
24 17 1
1 10 1
7 23 1
15 11 1
6 19 1
26 3 1
4 12 1
31 7 1
11 3 1
0 17 1
6 20 1
5 29 1
2 19 1
2 11 1
19 4 1
7 27 1
12 29 0
17 25 0
6 30 0
7 24 0
15 0 0
11 4 0
19 27 0
0 25 0
23 24 0
31 8 0
2 26 0
5 13 0
1 4 0
17 9 0
7 12 0
6 15 0
15 27 0
0 3 0
1 19 0
23 12 0
14 30 0
10 4 0
24 17 0
16 25 0
18 26 0
11 20 0
6 31 0
5 7 0
21 29 0
2 20 0
14 22 0
3 27 0
1 25 0
10 11 0
8 16 0
28 13 0
15 23 0
5 6 0
9 26 0
10 18 0
22 30 0
4 28 0
25 26 0
0 24 0
8 9 0
17 1 0
29 13 0
15 19 0
14 7 0
23 31 0
21 5 0
27 11 0
16 0 0
23 11 0
25 17 0
18 2 0
12 28 0
3 19 0
26 10 0
9 1 0
20 4 0
31 27 0
7 15 0
24 8 0
30 14 0
22 6 0
29 21 0
13 5 0
CNOT: 127
30 14 1
22 6 1
7 15 1
23 31 1
13 5 1
20 4 1
29 21 1
27 11 1
3 19 1
24 8 1
9 1 1
26 10 1
12 28 1
18 2 1
25 17 1
16 0 1
29 13 1
7 23 1
21 5 1
3 27 1
17 1 1
16 9 1
31 19 1
28 20 1
22 30 1
18 26 1
15 25 1
30 7 1
17 18 1
21 22 1
4 28 1
5 14 1
27 20 1
31 16 1
1 2 1
0 26 1
15 8 1
10 19 1
4 21 1
31 0 1
27 12 1
20 29 1
13 30 1
24 17 1
1 10 1
7 23 1
15 11 1
6 19 1
26 3 1
4 12 1
31 7 1
11 3 1
0 17 1
6 20 1
5 29 1
2 19 1
2 11 1
19 4 1
7 27 1
12 29 0
17 25 0
6 30 0
7 24 0
15 0 0
11 4 0
19 27 0
0 25 0
23 24 0
31 8 0
2 26 0
5 13 0
1 4 0
17 9 0
7 12 0
6 15 0
15 27 0
0 3 0
1 19 0
23 12 0
14 30 0
10 4 0
24 17 0
16 25 0
18 26 0
11 20 0
6 31 0
5 7 0
21 29 0
2 20 0
14 22 0
3 27 0
1 25 0
10 11 0
8 16 0
28 13 0
15 23 0
5 6 0
9 26 0
10 18 0
22 30 0
4 28 0
25 26 0
0 24 0
8 9 0
17 1 0
29 13 0
15 19 0
14 7 0
23 31 0
21 5 0
27 11 0
16 0 0
23 11 0
25 17 0
18 2 0
12 28 0
3 19 0
26 10 0
9 1 0
20 4 0
31 27 0
7 15 0
24 8 0
30 14 0
22 6 0
29 21 0
13 5 0
CNOT: 127
30 14 1
22 6 1
7 15 1
23 31 1
13 5 1
20 4 1
29 21 1
27 11 1
3 19 1
24 8 1
9 1 1
26 10 1
12 28 1
18 2 1
25 17 1
16 0 1
29 13 1
7 23 1
21 5 1
3 27 1
17 1 1
16 9 1
31 19 1
28 20 1
22 30 1
18 26 1
15 25 1
30 7 1
17 18 1
21 22 1
4 28 1
5 14 1
27 20 1
31 16 1
1 2 1
0 26 1
15 8 1
10 19 1
4 21 1
31 0 1
27 12 1
20 29 1
13 30 1
24 17 1
1 10 1
7 23 1
15 11 1
6 19 1
26 3 1
4 12 1
31 7 1
11 3 1
0 17 1
6 20 1
5 29 1
2 19 1
2 11 1
19 4 1
7 27 1
12 29 0
17 25 0
6 30 0
7 24 0
15 0 0
11 4 0
19 27 0
0 25 0
23 24 0
31 8 0
2 26 0
5 13 0
1 4 0
17 9 0
7 12 0
6 15 0
15 27 0
0 3 0
1 19 0
23 12 0
14 30 0
10 4 0
24 17 0
16 25 0
18 26 0
11 20 0
6 31 0
5 7 0
21 29 0
2 20 0
14 22 0
3 27 0
1 25 0
10 11 0
8 16 0
28 13 0
15 23 0
5 6 0
9 26 0
10 18 0
22 30 0
4 28 0
25 26 0
0 24 0
8 9 0
17 1 0
29 13 0
15 19 0
14 7 0
23 31 0
21 5 0
27 11 0
16 0 0
23 11 0
25 17 0
18 2 0
12 28 0
3 19 0
26 10 0
9 1 0
20 4 0
31 27 0
7 15 0
24 8 0
30 14 0
22 6 0
29 21 0
13 5 0
CNOT: 127
30 14 1
22 6 1
7 15 1
23 31 1
13 5 1
20 4 1
29 21 1
27 11 1
3 19 1
24 8 1
9 1 1
26 10 1
12 28 1
18 2 1
25 17 1
16 0 1
29 13 1
7 23 1
21 5 1
3 27 1
17 1 1
16 9 1
31 19 1
28 20 1
22 30 1
18 26 1
15 25 1
30 7 1
17 18 1
21 22 1
4 28 1
5 14 1
27 20 1
31 16 1
1 2 1
0 26 1
15 8 1
10 19 1
4 21 1
31 0 1
27 12 1
20 29 1
13 30 1
24 17 1
1 10 1
7 23 1
15 11 1
6 19 1
26 3 1
4 12 1
31 7 1
11 3 1
0 17 1
6 20 1
5 29 1
2 19 1
2 11 1
19 4 1
7 27 1
12 29 0
17 25 0
6 30 0
7 24 0
15 0 0
11 4 0
19 27 0
0 25 0
23 24 0
31 8 0
2 26 0
5 13 0
1 4 0
17 9 0
7 12 0
6 15 0
15 27 0
0 3 0
1 19 0
23 12 0
14 30 0
10 4 0
24 17 0
16 25 0
18 26 0
11 20 0
6 31 0
5 7 0
21 29 0
2 20 0
14 22 0
3 27 0
1 25 0
10 11 0
8 16 0
28 13 0
15 23 0
5 6 0
9 26 0
10 18 0
22 30 0
4 28 0
25 26 0
0 24 0
8 9 0
17 1 0
29 13 0
15 19 0
14 7 0
23 31 0
21 5 0
27 11 0
16 0 0
23 11 0
25 17 0
18 2 0
12 28 0
3 19 0
26 10 0
9 1 0
20 4 0
31 27 0
7 15 0
24 8 0
30 14 0
22 6 0
29 21 0
13 5 0
CNOT: 127
7 15 0
23 16 0
15 19 0
31 7 0
30 14 0
15 0 0
7 23 0
22 11 0
31 15 0
14 23 0
14 3 0
22 30 0
23 15 0
15 3 0
2 10 0
6 11 0
31 16 0
1 9 0
7 26 0
30 23 0
30 31 0
19 3 0
7 10 0
14 8 0
9 26 0
23 11 0
22 6 0
15 8 0
3 11 0
10 26 0
7 9 0
2 18 0
4 20 0
31 19 0
6 19 0
12 28 0
7 2 0
15 31 0
23 10 0
4 3 0
14 1 0
9 25 0
15 1 0
23 9 0
7 27 0
6 31 0
12 3 0
14 4 0
23 15 0
14 10 0
11 19 0
21 29 0
7 17 0
4 12 0
31 27 0
19 27 0
22 29 0
23 2 0
5 13 0
7 24 0
14 21 0
6 12 0
18 26 0
8 16 0
9 2 0
15 10 0
20 28 0
27 11 0
6 5 0
12 21 0
19 4 0
13 22 0
31 7 0
31 9 0
8 0 0
25 17 0
16 24 0
14 7 0
29 22 0
12 5 0
20 13 0
10 27 0
18 19 0
18 11 0
28 4 0
17 1 0
6 9 0
0 16 0
26 2 0
25 10 0
21 30 0
27 12 0
19 20 0
22 14 0
14 5 0
3 12 0
29 30 0
1 10 0
24 8 0
28 21 0
11 20 0
2 27 0
16 9 0
22 6 0
17 18 0
4 20 0
26 18 0
24 16 0
14 29 0
6 21 0
27 11 0
10 2 0
5 30 0
12 19 0
3 28 0
9 17 0
8 25 0
0 1 0
13 22 0
20 28 0
18 2 0
25 17 0
16 8 0
4 3 0
26 10 0
1 9 0
24 0 0
7 27 0
15 19 0
23 12 0
31 11 0
30 14 0
29 6 0
21 22 0
5 13 0
CNOT: 135
7 15 0
23 16 0
15 19 0
31 7 0
30 14 0
15 0 0
7 23 0
22 11 0
31 15 0
14 23 0
14 3 0
22 30 0
23 15 0
15 3 0
2 10 0
6 11 0
31 16 0
1 9 0
7 26 0
30 23 0
30 31 0
19 3 0
7 10 0
14 8 0
9 26 0
23 11 0
22 6 0
15 8 0
3 11 0
10 26 0
7 9 0
2 18 0
4 20 0
31 19 0
6 19 0
12 28 0
7 2 0
15 31 0
23 10 0
4 3 0
14 1 0
9 25 0
15 1 0
23 9 0
7 27 0
6 31 0
12 3 0
14 4 0
23 15 0
14 10 0
11 19 0
21 29 0
7 17 0
4 12 0
31 27 0
19 27 0
22 29 0
23 2 0
5 13 0
7 24 0
14 21 0
6 12 0
18 26 0
8 16 0
9 2 0
15 10 0
20 28 0
27 11 0
6 5 0
12 21 0
19 4 0
13 22 0
31 7 0
31 9 0
8 0 0
25 17 0
16 24 0
14 7 0
29 22 0
12 5 0
20 13 0
10 27 0
18 19 0
18 11 0
28 4 0
17 1 0
6 9 0
0 16 0
26 2 0
25 10 0
21 30 0
27 12 0
19 20 0
22 14 0
14 5 0
3 12 0
29 30 0
1 10 0
24 8 0
28 21 0
11 20 0
2 27 0
16 9 0
22 6 0
17 18 0
4 20 0
26 18 0
24 16 0
14 29 0
6 21 0
27 11 0
10 2 0
5 30 0
12 19 0
3 28 0
9 17 0
8 25 0
0 1 0
13 22 0
20 28 0
18 2 0
25 17 0
16 8 0
4 3 0
26 10 0
1 9 0
24 0 0
7 27 0
15 19 0
23 12 0
31 11 0
30 14 0
29 6 0
21 22 0
5 13 0
CNOT: 135
7 15 0
23 16 0
15 19 0
31 7 0
30 14 0
15 0 0
7 23 0
22 11 0
31 15 0
14 23 0
14 3 0
22 30 0
23 15 0
15 3 0
2 10 0
6 11 0
31 16 0
1 9 0
7 26 0
30 23 0
30 31 0
19 3 0
7 10 0
14 8 0
9 26 0
23 11 0
22 6 0
15 8 0
3 11 0
10 26 0
7 9 0
2 18 0
4 20 0
31 19 0
6 19 0
12 28 0
7 2 0
15 31 0
23 10 0
4 3 0
14 1 0
9 25 0
15 1 0
23 9 0
7 27 0
6 31 0
12 3 0
14 4 0
23 15 0
14 10 0
11 19 0
21 29 0
7 17 0
4 12 0
31 27 0
19 27 0
22 29 0
23 2 0
5 13 0
7 24 0
14 21 0
6 12 0
18 26 0
8 16 0
9 2 0
15 10 0
20 28 0
27 11 0
6 5 0
12 21 0
19 4 0
13 22 0
31 7 0
31 9 0
8 0 0
25 17 0
16 24 0
14 7 0
29 22 0
12 5 0
20 13 0
10 27 0
18 19 0
18 11 0
28 4 0
17 1 0
6 9 0
0 16 0
26 2 0
25 10 0
21 30 0
27 12 0
19 20 0
22 14 0
14 5 0
3 12 0
29 30 0
1 10 0
24 8 0
28 21 0
11 20 0
2 27 0
16 9 0
22 6 0
17 18 0
4 20 0
26 18 0
24 16 0
14 29 0
6 21 0
27 11 0
10 2 0
5 30 0
12 19 0
3 28 0
9 17 0
8 25 0
0 1 0
13 22 0
20 28 0
18 2 0
25 17 0
16 8 0
4 3 0
26 10 0
1 9 0
24 0 0
7 27 0
15 19 0
23 12 0
31 11 0
30 14 0
29 6 0
21 22 0
5 13 0
CNOT: 135
7 15 0
23 16 0
15 19 0
31 7 0
30 14 0
15 0 0
7 23 0
22 11 0
31 15 0
14 23 0
14 3 0
22 30 0
23 15 0
15 3 0
2 10 0
6 11 0
31 16 0
1 9 0
7 26 0
30 23 0
30 31 0
19 3 0
7 10 0
14 8 0
9 26 0
23 11 0
22 6 0
15 8 0
3 11 0
10 26 0
7 9 0
2 18 0
4 20 0
31 19 0
6 19 0
12 28 0
7 2 0
15 31 0
23 10 0
4 3 0
14 1 0
9 25 0
15 1 0
23 9 0
7 27 0
6 31 0
12 3 0
14 4 0
23 15 0
14 10 0
11 19 0
21 29 0
7 17 0
4 12 0
31 27 0
19 27 0
22 29 0
23 2 0
5 13 0
7 24 0
14 21 0
6 12 0
18 26 0
8 16 0
9 2 0
15 10 0
20 28 0
27 11 0
6 5 0
12 21 0
19 4 0
13 22 0
31 7 0
31 9 0
8 0 0
25 17 0
16 24 0
14 7 0
29 22 0
12 5 0
20 13 0
10 27 0
18 19 0
18 11 0
28 4 0
17 1 0
6 9 0
0 16 0
26 2 0
25 10 0
21 30 0
27 12 0
19 20 0
22 14 0
14 5 0
3 12 0
29 30 0
1 10 0
24 8 0
28 21 0
11 20 0
2 27 0
16 9 0
22 6 0
17 18 0
4 20 0
26 18 0
24 16 0
14 29 0
6 21 0
27 11 0
10 2 0
5 30 0
12 19 0
3 28 0
9 17 0
8 25 0
0 1 0
13 22 0
20 28 0
18 2 0
25 17 0
16 8 0
4 3 0
26 10 0
1 9 0
24 0 0
7 27 0
15 19 0
23 12 0
31 11 0
30 14 0
29 6 0
21 22 0
5 13 0
CNOT: 135
7 15 0
23 16 0
15 19 0
31 7 0
30 14 0
15 0 0
7 23 0
22 11 0
31 15 0
14 23 0
14 3 0
22 30 0
23 15 0
15 3 0
2 10 0
6 11 0
31 16 0
1 9 0
7 26 0
30 23 0
30 31 0
19 3 0
7 10 0
14 8 0
9 26 0
23 11 0
22 6 0
15 8 0
3 11 0
10 26 0
7 9 0
2 18 0
4 20 0
31 19 0
6 19 0
12 28 0
7 2 0
15 31 0
23 10 0
4 3 0
14 1 0
9 25 0
15 1 0
23 9 0
7 27 0
6 31 0
12 3 0
14 4 0
23 15 0
14 10 0
11 19 0
21 29 0
7 17 0
4 12 0
31 27 0
19 27 0
22 29 0
23 2 0
5 13 0
7 24 0
14 21 0
6 12 0
18 26 0
8 16 0
9 2 0
15 10 0
20 28 0
27 11 0
6 5 0
12 21 0
19 4 0
13 22 0
31 7 0
31 9 0
8 0 0
25 17 0
16 24 0
14 7 0
29 22 0
12 5 0
20 13 0
10 27 0
18 19 0
18 11 0
28 4 0
17 1 0
6 9 0
0 16 0
26 2 0
25 10 0
21 30 0
27 12 0
19 20 0
22 14 0
14 5 0
3 12 0
29 30 0
1 10 0
24 8 0
28 21 0
11 20 0
2 27 0
16 9 0
22 6 0
17 18 0
4 20 0
26 18 0
24 16 0
14 29 0
6 21 0
27 11 0
10 2 0
5 30 0
12 19 0
3 28 0
9 17 0
8 25 0
0 1 0
13 22 0
20 28 0
18 2 0
25 17 0
16 8 0
4 3 0
26 10 0
1 9 0
24 0 0
7 27 0
15 19 0
23 12 0
31 11 0
30 14 0
29 6 0
21 22 0
5 13 0
CNOT: 135
7 15 0
23 16 0
15 19 0
31 7 0
30 14 0
15 0 0
7 23 0
22 11 0
31 15 0
14 23 0
14 3 0
22 30 0
23 15 0
15 3 0
2 10 0
6 11 0
31 16 0
1 9 0
7 26 0
30 23 0
30 31 0
19 3 0
7 10 0
14 8 0
9 26 0
23 11 0
22 6 0
15 8 0
3 11 0
10 26 0
7 9 0
2 18 0
4 20 0
31 19 0
6 19 0
12 28 0
7 2 0
15 31 0
23 10 0
4 3 0
14 1 0
9 25 0
15 1 0
23 9 0
7 27 0
6 31 0
12 3 0
14 4 0
23 15 0
14 10 0
11 19 0
21 29 0
7 17 0
4 12 0
31 27 0
19 27 0
22 29 0
23 2 0
5 13 0
7 24 0
14 21 0
6 12 0
18 26 0
8 16 0
9 2 0
15 10 0
20 28 0
27 11 0
6 5 0
12 21 0
19 4 0
13 22 0
31 7 0
31 9 0
8 0 0
25 17 0
16 24 0
14 7 0
29 22 0
12 5 0
20 13 0
10 27 0
18 19 0
18 11 0
28 4 0
17 1 0
6 9 0
0 16 0
26 2 0
25 10 0
21 30 0
27 12 0
19 20 0
22 14 0
14 5 0
3 12 0
29 30 0
1 10 0
24 8 0
28 21 0
11 20 0
2 27 0
16 9 0
22 6 0
17 18 0
4 20 0
26 18 0
24 16 0
14 29 0
6 21 0
27 11 0
10 2 0
5 30 0
12 19 0
3 28 0
9 17 0
8 25 0
0 1 0
13 22 0
20 28 0
18 2 0
25 17 0
16 8 0
4 3 0
26 10 0
1 9 0
24 0 0
7 27 0
15 19 0
23 12 0
31 11 0
30 14 0
29 6 0
21 22 0
5 13 0
CNOT: 135
5 13 0
21 22 0
29 6 0
30 14 0
31 11 0
23 12 0
15 19 0
7 27 0
24 0 0
1 9 0
26 10 0
4 3 0
16 8 0
25 17 0
18 2 0
20 28 0
13 22 0
0 1 0
8 25 0
9 17 0
3 28 0
12 19 0
5 30 0
10 2 0
27 11 0
6 21 0
14 29 0
24 16 0
26 18 0
4 20 0
17 18 0
22 6 0
16 9 0
2 27 0
11 20 0
28 21 0
24 8 0
1 10 0
29 30 0
3 12 0
14 5 0
22 14 0
19 20 0
27 12 0
21 30 0
25 10 0
26 2 0
0 16 0
6 9 0
17 1 0
28 4 0
18 11 0
18 19 0
10 27 0
20 13 0
12 5 0
29 22 0
14 7 0
16 24 0
25 17 0
8 0 0
31 9 0
31 7 0
13 22 0
19 4 0
12 21 0
6 5 0
27 11 0
20 28 0
15 10 0
9 2 0
8 16 0
18 26 0
6 12 0
14 21 0
7 24 0
5 13 0
23 2 0
22 29 0
19 27 0
31 27 0
4 12 0
7 17 0
21 29 0
11 19 0
14 10 0
23 15 0
14 4 0
12 3 0
6 31 0
7 27 0
23 9 0
15 1 0
9 25 0
14 1 0
4 3 0
23 10 0
15 31 0
7 2 0
12 28 0
6 19 0
31 19 0
4 20 0
2 18 0
7 9 0
10 26 0
3 11 0
15 8 0
22 6 0
23 11 0
9 26 0
14 8 0
7 10 0
19 3 0
30 31 0
30 23 0
7 26 0
1 9 0
31 16 0
6 11 0
2 10 0
15 3 0
23 15 0
22 30 0
14 3 0
14 23 0
31 15 0
22 11 0
7 23 0
15 0 0
30 14 0
31 7 0
15 19 0
23 16 0
7 15 0
CNOT: 135
7 15 0
23 16 0
15 19 0
31 7 0
30 14 0
15 0 0
7 23 0
22 11 0
31 15 0
14 23 0
14 3 0
22 30 0
23 15 0
15 3 0
2 10 0
6 11 0
31 16 0
1 9 0
7 26 0
30 23 0
30 31 0
19 3 0
7 10 0
14 8 0
9 26 0
23 11 0
22 6 0
15 8 0
3 11 0
10 26 0
7 9 0
2 18 0
4 20 0
31 19 0
6 19 0
12 28 0
7 2 0
15 31 0
23 10 0
4 3 0
14 1 0
9 25 0
15 1 0
23 9 0
7 27 0
6 31 0
12 3 0
14 4 0
23 15 0
14 10 0
11 19 0
21 29 0
7 17 0
4 12 0
31 27 0
19 27 0
22 29 0
23 2 0
5 13 0
7 24 0
14 21 0
6 12 0
18 26 0
8 16 0
9 2 0
15 10 0
20 28 0
27 11 0
6 5 0
12 21 0
19 4 0
13 22 0
31 7 0
31 9 0
8 0 0
25 17 0
16 24 0
14 7 0
29 22 0
12 5 0
20 13 0
10 27 0
18 19 0
18 11 0
28 4 0
17 1 0
6 9 0
0 16 0
26 2 0
25 10 0
21 30 0
27 12 0
19 20 0
22 14 0
14 5 0
3 12 0
29 30 0
1 10 0
24 8 0
28 21 0
11 20 0
2 27 0
16 9 0
22 6 0
17 18 0
4 20 0
26 18 0
24 16 0
14 29 0
6 21 0
27 11 0
10 2 0
5 30 0
12 19 0
3 28 0
9 17 0
8 25 0
0 1 0
13 22 0
20 28 0
18 2 0
25 17 0
16 8 0
4 3 0
26 10 0
1 9 0
24 0 0
7 27 0
15 19 0
23 12 0
31 11 0
30 14 0
29 6 0
21 22 0
5 13 0
CNOT: 135
7 15 0
23 16 0
15 19 0
31 7 0
30 14 0
15 0 0
7 23 0
22 11 0
31 15 0
14 23 0
14 3 0
22 30 0
23 15 0
15 3 0
2 10 0
6 11 0
31 16 0
1 9 0
7 26 0
30 23 0
30 31 0
19 3 0
7 10 0
14 8 0
9 26 0
23 11 0
22 6 0
15 8 0
3 11 0
10 26 0
7 9 0
2 18 0
4 20 0
31 19 0
6 19 0
12 28 0
7 2 0
15 31 0
23 10 0
4 3 0
14 1 0
9 25 0
15 1 0
23 9 0
7 27 0
6 31 0
12 3 0
14 4 0
23 15 0
14 10 0
11 19 0
21 29 0
7 17 0
4 12 0
31 27 0
19 27 0
22 29 0
23 2 0
5 13 0
7 24 0
14 21 0
6 12 0
18 26 0
8 16 0
9 2 0
15 10 0
20 28 0
27 11 0
6 5 0
12 21 0
19 4 0
13 22 0
31 7 0
31 9 0
8 0 0
25 17 0
16 24 0
14 7 0
29 22 0
12 5 0
20 13 0
10 27 0
18 19 0
18 11 0
28 4 0
17 1 0
6 9 0
0 16 0
26 2 0
25 10 0
21 30 0
27 12 0
19 20 0
22 14 0
14 5 0
3 12 0
29 30 0
1 10 0
24 8 0
28 21 0
11 20 0
2 27 0
16 9 0
22 6 0
17 18 0
4 20 0
26 18 0
24 16 0
14 29 0
6 21 0
27 11 0
10 2 0
5 30 0
12 19 0
3 28 0
9 17 0
8 25 0
0 1 0
13 22 0
20 28 0
18 2 0
25 17 0
16 8 0
4 3 0
26 10 0
1 9 0
24 0 0
7 27 0
15 19 0
23 12 0
31 11 0
30 14 0
29 6 0
21 22 0
5 13 0
CNOT: 135
30 14 1
22 6 1
7 15 1
23 31 1
13 5 1
20 4 1
29 21 1
27 11 1
3 19 1
24 8 1
9 1 1
26 10 1
12 28 1
18 2 1
25 17 1
16 0 1
29 13 1
7 23 1
21 5 1
3 27 1
17 1 1
16 9 1
31 19 1
28 20 1
22 30 1
18 26 1
15 25 1
30 7 1
17 18 1
21 22 1
4 28 1
5 14 1
27 20 1
31 16 1
1 2 1
0 26 1
15 8 1
10 19 1
4 21 1
31 0 1
27 12 1
20 29 1
13 30 1
24 17 1
1 10 1
7 23 1
15 11 1
6 19 1
26 3 1
4 12 1
31 7 1
11 3 1
0 17 1
6 20 1
5 29 1
2 19 1
2 11 1
19 4 1
7 27 1
11 27 1
6 11 1
12 29 0
17 25 0
6 30 0
7 24 0
15 0 0
11 4 0
19 27 0
0 25 0
23 24 0
31 8 0
2 26 0
5 13 0
1 4 0
17 9 0
7 12 0
6 15 0
15 27 0
0 3 0
1 19 0
23 12 0
14 30 0
10 4 0
24 17 0
16 25 0
18 26 0
11 20 0
6 31 0
5 7 0
21 29 0
2 20 0
14 22 0
3 27 0
1 25 0
10 11 0
8 16 0
28 13 0
15 23 0
5 6 0
9 26 0
10 18 0
22 30 0
4 28 0
25 26 0
0 24 0
8 9 0
17 1 0
29 13 0
15 19 0
14 7 0
23 31 0
21 5 0
27 11 0
16 0 0
23 11 0
25 17 0
18 2 0
12 28 0
3 19 0
26 10 0
9 1 0
20 4 0
31 27 0
7 15 0
24 8 0
30 14 0
22 6 0
29 21 0
13 5 0
CNOT: 129
7 15 0
23 16 0
15 19 0
31 7 0
30 14 0
15 0 0
7 23 0
22 11 0
31 15 0
14 23 0
14 3 0
22 30 0
23 15 0
15 3 0
2 10 0
6 11 0
31 16 0
1 9 0
7 26 0
30 23 0
30 31 0
19 3 0
7 10 0
14 8 0
9 26 0
23 11 0
22 6 0
15 8 0
3 11 0
10 26 0
7 9 0
2 18 0
4 20 0
31 19 0
6 19 0
12 28 0
7 2 0
15 31 0
23 10 0
4 3 0
14 1 0
9 25 0
15 1 0
23 9 0
7 27 0
6 31 0
12 3 0
14 4 0
23 15 0
14 10 0
11 19 0
21 29 0
7 17 0
4 12 0
31 27 0
19 27 0
22 29 0
23 2 0
5 13 0
7 24 0
14 21 0
6 12 0
18 26 0
8 16 0
9 2 0
15 10 0
20 28 0
27 11 0
6 5 0
12 21 0
19 4 0
13 22 0
31 7 0
31 9 0
8 0 0
25 17 0
16 24 0
14 7 0
29 22 0
12 5 0
20 13 0
10 27 0
18 19 0
18 11 0
28 4 0
17 1 0
6 9 0
0 16 0
26 2 0
25 10 0
21 30 0
27 12 0
19 20 0
22 14 0
14 5 0
3 12 0
29 30 0
1 10 0
24 8 0
28 21 0
11 20 0
2 27 0
16 9 0
22 6 0
17 18 0
4 20 0
26 18 0
24 16 0
14 29 0
6 21 0
27 11 0
10 2 0
5 30 0
12 19 0
3 28 0
9 17 0
8 25 0
0 1 0
13 22 0
20 28 0
18 2 0
25 17 0
16 8 0
4 3 0
26 10 0
1 9 0
24 0 0
7 27 0
15 19 0
23 12 0
31 11 0
30 14 0
29 6 0
21 22 0
5 13 0
CNOT: 135
30 14 1
7 15 1
13 5 1
31 23 1
29 21 1
20 4 1
2 10 1
17 1 1
11 27 1
0 9 1
3 19 1
8 24 1
22 6 1
26 18 1
28 12 1
20 28 1
26 2 1
10 18 1
8 17 1
15 3 1
21 5 1
22 30 1
4 12 1
16 0 1
31 7 1
9 25 1
29 13 1
24 1 1
14 11 1
23 19 1
30 31 1
8 26 1
28 29 1
21 22 1
0 1 1
14 20 1
12 13 1
15 23 1
19 27 1
18 2 1
10 3 1
24 16 1
16 2 1
3 11 1
1 10 1
15 26 1
19 28 1
24 0 1
23 7 1
6 13 1
21 29 1
12 30 1
4 20 1
27 31 1
11 20 1
15 16 1
23 3 1
7 8 1
1 9 1
6 19 1
27 11 1
18 19 1
23 24 1
2 11 1
15 27 1
23 28 1
23 15 0
15 2 0
31 3 0
7 28 0
23 19 0
27 4 0
6 29 0
1 20 0
0 8 0
23 17 0
10 26 0
15 25 0
19 3 0
14 7 0
27 31 0
24 8 0
9 26 0
10 20 0
29 13 0
3 11 0
25 17 0
22 30 0
7 19 0
23 1 0
27 21 0
0 2 0
5 14 0
6 15 0
4 21 0
16 11 0
31 7 0
0 10 0
12 20 0
17 26 0
25 2 0
19 27 0
29 30 0
15 23 0
5 6 0
6 29 0
14 22 0
8 9 0
13 30 0
16 25 0
26 2 0
10 18 0
24 0 0
28 12 0
31 15 0
3 19 0
20 4 0
7 23 0
21 5 0
11 27 0
4 28 0
26 18 0
7 19 0
2 10 0
17 1 0
9 25 0
16 0 0
15 3 0
8 24 0
31 27 0
20 12 0
23 11 0
30 14 0
22 6 0
29 21 0
13 5 0
CNOT: 136
30 14 1
22 6 1
7 15 1
23 31 1
13 5 1
20 4 1
29 21 1
27 11 1
3 19 1
24 8 1
9 1 1
26 10 1
12 28 1
18 2 1
25 17 1
16 0 1
29 13 1
7 23 1
21 5 1
3 27 1
17 1 1
16 9 1
31 19 1
28 20 1
22 30 1
18 26 1
15 25 1
30 7 1
17 18 1
21 22 1
4 28 1
5 14 1
27 20 1
31 16 1
1 2 1
0 26 1
15 8 1
10 19 1
4 21 1
31 0 1
27 12 1
20 29 1
13 30 1
24 17 1
1 10 1
7 23 1
15 11 1
6 19 1
26 3 1
4 12 1
31 7 1
11 3 1
0 17 1
6 20 1
5 29 1
2 19 1
2 11 1
19 4 1
7 27 1
11 27 1
6 11 1
12 29 0
17 25 0
6 30 0
7 24 0
15 0 0
11 4 0
19 27 0
0 25 0
23 24 0
31 8 0
2 26 0
5 13 0
1 4 0
17 9 0
7 12 0
6 15 0
15 27 0
0 3 0
1 19 0
23 12 0
14 30 0
10 4 0
24 17 0
16 25 0
18 26 0
11 20 0
6 31 0
5 7 0
21 29 0
2 20 0
14 22 0
3 27 0
1 25 0
10 11 0
8 16 0
28 13 0
15 23 0
5 6 0
9 26 0
10 18 0
22 30 0
4 28 0
25 26 0
0 24 0
8 9 0
17 1 0
29 13 0
15 19 0
14 7 0
23 31 0
21 5 0
27 11 0
16 0 0
23 11 0
25 17 0
18 2 0
12 28 0
3 19 0
26 10 0
9 1 0
20 4 0
31 27 0
7 15 0
24 8 0
30 14 0
22 6 0
29 21 0
13 5 0
CNOT: 129
30 14 1
7 15 1
13 5 1
31 23 1
29 21 1
20 4 1
2 10 1
17 1 1
11 27 1
0 9 1
3 19 1
8 24 1
22 6 1
26 18 1
28 12 1
20 28 1
26 2 1
10 18 1
8 17 1
15 3 1
21 5 1
22 30 1
4 12 1
16 0 1
31 7 1
9 25 1
29 13 1
24 1 1
14 11 1
23 19 1
30 31 1
8 26 1
28 29 1
21 22 1
0 1 1
14 20 1
12 13 1
15 23 1
19 27 1
18 2 1
10 3 1
24 16 1
16 2 1
3 11 1
1 10 1
15 26 1
19 28 1
24 0 1
23 7 1
6 13 1
21 29 1
12 30 1
4 20 1
27 31 1
11 20 1
15 16 1
23 3 1
7 8 1
1 9 1
6 19 1
27 11 1
18 19 1
23 24 1
2 11 1
15 27 1
23 28 1
23 15 0
15 2 0
31 3 0
7 28 0
23 19 0
27 4 0
6 29 0
1 20 0
0 8 0
23 17 0
10 26 0
15 25 0
19 3 0
14 7 0
27 31 0
24 8 0
9 26 0
10 20 0
29 13 0
3 11 0
25 17 0
22 30 0
7 19 0
23 1 0
27 21 0
0 2 0
5 14 0
6 15 0
4 21 0
16 11 0
31 7 0
0 10 0
12 20 0
17 26 0
25 2 0
19 27 0
29 30 0
15 23 0
5 6 0
6 29 0
14 22 0
8 9 0
13 30 0
16 25 0
26 2 0
10 18 0
24 0 0
28 12 0
31 15 0
3 19 0
20 4 0
7 23 0
21 5 0
11 27 0
4 28 0
26 18 0
7 19 0
2 10 0
17 1 0
9 25 0
16 0 0
15 3 0
8 24 0
31 27 0
20 12 0
23 11 0
30 14 0
22 6 0
29 21 0
13 5 0
CNOT: 136
30 14 1
22 6 1
7 15 1
23 31 1
13 5 1
20 4 1
29 21 1
27 11 1
3 19 1
24 8 1
9 1 1
26 10 1
12 28 1
18 2 1
25 17 1
16 0 1
29 13 1
7 23 1
21 5 1
3 27 1
17 1 1
16 9 1
31 19 1
28 20 1
22 30 1
18 26 1
15 25 1
30 7 1
17 18 1
21 22 1
4 28 1
5 14 1
27 20 1
31 16 1
1 2 1
0 26 1
15 8 1
10 19 1
4 21 1
31 0 1
27 12 1
20 29 1
13 30 1
24 17 1
1 10 1
7 23 1
15 11 1
6 19 1
26 3 1
4 12 1
31 7 1
11 3 1
0 17 1
6 20 1
5 29 1
2 19 1
2 11 1
19 4 1
7 27 1
11 27 1
6 11 1
12 29 0
17 25 0
6 30 0
7 24 0
15 0 0
11 4 0
19 27 0
0 25 0
23 24 0
31 8 0
2 26 0
5 13 0
1 4 0
17 9 0
7 12 0
6 15 0
15 27 0
0 3 0
1 19 0
23 12 0
14 30 0
10 4 0
24 17 0
16 25 0
18 26 0
11 20 0
6 31 0
5 7 0
21 29 0
2 20 0
14 22 0
3 27 0
1 25 0
10 11 0
8 16 0
28 13 0
15 23 0
5 6 0
9 26 0
10 18 0
22 30 0
4 28 0
25 26 0
0 24 0
8 9 0
17 1 0
29 13 0
15 19 0
14 7 0
23 31 0
21 5 0
27 11 0
16 0 0
23 11 0
25 17 0
18 2 0
12 28 0
3 19 0
26 10 0
9 1 0
20 4 0
31 27 0
7 15 0
24 8 0
30 14 0
22 6 0
29 21 0
13 5 0
CNOT: 129
30 14 1
7 15 1
13 5 1
31 23 1
29 21 1
20 4 1
2 10 1
17 1 1
11 27 1
0 9 1
3 19 1
8 24 1
22 6 1
26 18 1
28 12 1
20 28 1
26 2 1
10 18 1
8 17 1
15 3 1
21 5 1
22 30 1
4 12 1
16 0 1
31 7 1
9 25 1
29 13 1
24 1 1
14 11 1
23 19 1
30 31 1
8 26 1
28 29 1
21 22 1
0 1 1
14 20 1
12 13 1
15 23 1
19 27 1
18 2 1
10 3 1
24 16 1
16 2 1
3 11 1
1 10 1
15 26 1
19 28 1
24 0 1
23 7 1
6 13 1
21 29 1
12 30 1
4 20 1
27 31 1
11 20 1
15 16 1
23 3 1
7 8 1
1 9 1
6 19 1
27 11 1
18 19 1
23 24 1
2 11 1
15 27 1
23 28 1
23 15 0
15 2 0
31 3 0
7 28 0
23 19 0
27 4 0
6 29 0
1 20 0
0 8 0
23 17 0
10 26 0
15 25 0
19 3 0
14 7 0
27 31 0
24 8 0
9 26 0
10 20 0
29 13 0
3 11 0
25 17 0
22 30 0
7 19 0
23 1 0
27 21 0
0 2 0
5 14 0
6 15 0
4 21 0
16 11 0
31 7 0
0 10 0
12 20 0
17 26 0
25 2 0
19 27 0
29 30 0
15 23 0
5 6 0
6 29 0
14 22 0
8 9 0
13 30 0
16 25 0
26 2 0
10 18 0
24 0 0
28 12 0
31 15 0
3 19 0
20 4 0
7 23 0
21 5 0
11 27 0
4 28 0
26 18 0
7 19 0
2 10 0
17 1 0
9 25 0
16 0 0
15 3 0
8 24 0
31 27 0
20 12 0
23 11 0
30 14 0
22 6 0
29 21 0
13 5 0
CNOT: 136
7 15 0
23 16 0
15 19 0
31 7 0
30 14 0
15 0 0
7 23 0
22 11 0
31 15 0
14 23 0
14 3 0
22 30 0
23 15 0
15 3 0
2 10 0
6 11 0
31 16 0
1 9 0
7 26 0
30 23 0
30 31 0
19 3 0
7 10 0
14 8 0
9 26 0
23 11 0
22 6 0
15 8 0
3 11 0
10 26 0
7 9 0
2 18 0
4 20 0
31 19 0
6 19 0
12 28 0
7 2 0
15 31 0
23 10 0
4 3 0
14 1 0
9 25 0
15 1 0
23 9 0
7 27 0
6 31 0
12 3 0
14 4 0
23 15 0
14 10 0
11 19 0
21 29 0
7 17 0
4 12 0
31 27 0
19 27 0
22 29 0
23 2 0
5 13 0
7 24 0
14 21 0
6 12 0
18 26 0
8 16 0
9 2 0
15 10 0
20 28 0
27 11 0
6 5 0
12 21 0
19 4 0
13 22 0
31 7 0
31 9 0
8 0 0
25 17 0
16 24 0
14 7 0
29 22 0
12 5 0
20 13 0
10 27 0
18 19 0
18 11 0
28 4 0
17 1 0
6 9 0
0 16 0
26 2 0
25 10 0
21 30 0
27 12 0
19 20 0
22 14 0
14 5 0
3 12 0
29 30 0
1 10 0
24 8 0
28 21 0
11 20 0
2 27 0
16 9 0
22 6 0
17 18 0
4 20 0
26 18 0
24 16 0
14 29 0
6 21 0
27 11 0
10 2 0
5 30 0
12 19 0
3 28 0
9 17 0
8 25 0
0 1 0
13 22 0
20 28 0
18 2 0
25 17 0
16 8 0
4 3 0
26 10 0
1 9 0
24 0 0
7 27 0
15 19 0
23 12 0
31 11 0
30 14 0
29 6 0
21 22 0
5 13 0
CNOT: 135
20 0 1
21 1 1
22 2 1
23 3 1
16 4 1
17 5 1
18 6 1
19 7 1
28 8 1
29 9 1
30 10 1
31 11 1
24 12 1
25 13 1
26 14 1
27 15 1
11 16 0
10 23 0
9 22 0
8 21 0
15 20 0
14 19 0
13 18 0
12 17 0
3 28 0
2 27 0
1 26 0
0 25 0
7 24 0
6 31 0
5 30 0
4 29 0
27 15 0
26 14 0
25 13 0
24 12 0
31 11 0
30 10 0
29 9 0
28 8 0
19 7 0
18 6 0
17 5 0
16 4 0
23 3 0
22 2 0
21 1 0
20 0 0
CNOT: 48
20 0 1
21 1 1
22 2 1
23 3 1
16 4 1
17 5 1
18 6 1
19 7 1
28 8 1
29 9 1
30 10 1
31 11 1
24 12 1
25 13 1
26 14 1
27 15 1
11 16 0
10 23 0
9 22 0
8 21 0
15 20 0
14 19 0
13 18 0
12 17 0
3 28 0
2 27 0
1 26 0
0 25 0
7 24 0
6 31 0
5 30 0
4 29 0
27 15 0
26 14 0
25 13 0
24 12 0
31 11 0
30 10 0
29 9 0
28 8 0
19 7 0
18 6 0
17 5 0
16 4 0
23 3 0
22 2 0
21 1 0
20 0 0
CNOT: 48
