5 21 29 13 6 14 22 30 4 20 11 27 12 28 19 3 26 10 2 18 9 17 16 0 15 23 31 7 8 24 1 25 
7 23 14 30 24 31 27 15 12 4 21 13 11 19 28 20 1 9 25 0 22 5 18 26 10 2 16 8 6 29 
30 21 31 15 13 28 17 0 16 24 23 5 3 27 9 10 20 12 4 11 14 6 25 1 2 26 8 7 
21 13 30 6 20 3 9 1 29 5 17 18 19 2 10 7 23 31 27 11 0 15 24 25 14 22 28 8 4 12 
13 4 3 26 27 10 5 12 0 7 6 29 19 31 17 25 20 2 22 23 14 30 18 8 
27 18 20 7 13 11 28 2 26 1 21 29 4 31 3 15 10 9 25 16 6 14 23 30 
7 31 3 8 15 29 28 20 18 25 11 19 12 4 2 26 13 5 10 24 14 30 1 17 23 6 
8 7 1 18 3 27 20 19 25 0 15 23 29 5 26 9 2 17 31 22 4 28 30 14 
23 22 7 14 10 8 25 24 5 21 29 13 18 17 12 20 19 3 0 27 31 15 28 16 
27 8 7 23 18 24 14 30 4 16 31 15 
8 16 31 7 0 27 18 10 23 6 
11 27 28 8 7 15 
4 8 
CNOT: 136, depth: 13
13 29 5 21 20 4 30 22 12 28 27 11 3 19 14 6 26 10 2 18 23 31 1 25 24 8 0 16 15 7 17 9 
31 7 22 6 19 15 9 23 29 21 12 20 28 4 3 27 10 17 16 8 14 5 18 26 0 24 30 13 25 1 
6 29 11 31 1 17 21 28 7 5 4 25 15 23 8 0 22 30 2 10 19 3 16 24 20 12 
29 21 6 30 5 13 26 2 11 19 17 16 9 1 8 31 4 12 20 3 25 23 7 15 28 27 22 14 
31 23 21 3 19 17 30 5 24 8 18 16 13 12 11 2 28 25 20 15 14 7 22 6 27 4 
27 11 8 15 23 5 16 31 12 20 17 9 19 18 28 2 4 3 21 13 7 6 30 22 0 24 25 1 
2 1 25 31 21 15 5 29 11 26 28 27 16 24 19 10 0 8 23 30 18 9 7 14 6 22 
18 25 28 15 21 12 31 6 27 19 13 5 4 10 3 11 0 16 1 17 9 8 23 7 30 14 
4 27 25 15 31 30 9 16 18 24 29 21 20 28 10 2 6 22 0 8 
19 15 27 25 18 16 31 7 29 13 11 4 1 9 30 14 8 0 12 2 
25 0 27 19 15 23 10 18 12 2 
27 2 0 8 1 25 15 14 3 19 23 31 
12 27 
CNOT: 143, depth: 13
13 29 21 5 3 19 30 22 14 6 28 12 27 11 20 4 2 18 10 26 17 8 1 9 24 0 7 31 15 23 25 16 
31 23 22 6 11 7 3 27 4 12 28 20 5 29 0 16 17 25 1 24 30 21 18 10 26 2 8 15 19 9 
12 9 6 5 7 15 29 4 19 27 23 21 16 31 11 3 13 28 25 1 18 24 0 8 14 22 10 2 
5 29 9 31 6 14 0 7 26 24 12 11 27 10 2 18 25 8 23 30 4 19 21 28 20 3 22 13 
15 31 4 12 14 28 29 3 26 25 11 2 5 13 23 7 22 21 1 18 17 9 6 30 16 8 20 27 19 10 
24 15 25 7 12 19 31 21 11 26 4 28 29 27 2 9 14 13 8 0 30 6 18 17 22 23 
27 7 4 15 11 25 14 6 29 21 9 17 31 13 18 26 12 3 0 24 2 16 19 10 28 20 22 23 
19 18 29 28 9 25 12 20 2 17 15 14 31 23 3 27 16 8 21 5 6 22 26 1 7 30 
15 31 20 27 18 24 19 9 25 16 17 8 7 23 28 12 13 29 26 1 6 22 10 2 
31 22 2 24 28 27 10 18 7 15 8 0 3 19 20 4 26 1 
26 18 10 24 27 11 16 0 22 6 15 30 7 31 
24 0 18 1 
CNOT: 144, depth: 12
29 13 21 5 6 30 11 27 3 19 14 22 28 12 20 4 26 10 18 2 17 8 16 0 1 25 23 15 7 31 9 24 
31 15 27 23 12 4 1 9 28 20 25 0 30 22 11 3 13 5 24 7 6 14 10 18 2 26 29 21 17 16 
5 12 22 13 15 14 4 23 8 7 9 10 19 27 25 17 2 31 30 21 26 18 0 24 20 28 3 11 
8 16 13 20 14 21 27 2 22 29 12 31 3 26 9 1 4 28 19 7 18 17 0 23 25 24 6 30 
7 23 19 31 20 3 12 26 2 25 13 28 27 11 29 5 1 24 22 6 14 30 10 0 
0 31 23 14 4 19 21 28 15 7 25 1 27 10 20 12 26 9 16 24 13 29 5 22 
19 27 14 5 0 7 11 4 31 6 21 29 28 20 10 9 23 15 26 18 25 8 30 22 
16 7 27 17 19 0 31 22 14 29 4 12 5 21 26 1 20 11 10 25 
3 7 27 18 31 30 17 25 8 0 24 16 5 13 6 14 12 11 28 4 
4 3 27 0 7 31 10 16 5 22 12 19 18 1 17 24 2 8 
0 8 28 3 17 10 7 23 18 2 31 15 12 4 1 24 
1 8 3 27 26 0 
18 0 24 8 
1 0 10 8 
CNOT: 139, depth: 14
5 21 13 29 3 19 4 20 6 14 11 27 12 28 22 30 2 18 10 26 0 8 1 9 7 15 16 24 17 25 23 31 
15 31 14 30 19 7 3 11 4 12 20 28 21 29 9 23 18 17 8 24 22 5 25 1 26 2 0 16 
30 21 1 17 28 7 29 20 27 19 10 18 24 0 25 23 6 5 13 4 12 3 14 22 
21 29 25 16 2 10 17 15 30 5 19 3 28 4 31 7 1 9 14 13 24 23 20 18 
31 5 7 23 19 17 24 16 29 3 20 15 21 13 30 6 27 28 9 10 
27 23 5 4 8 7 16 15 29 12 9 1 11 3 17 0 22 31 14 30 19 2 28 10 
27 15 16 7 29 4 23 13 0 8 19 10 28 18 14 5 31 30 17 25 
26 15 11 27 1 16 12 7 23 5 0 24 3 28 6 14 10 9 17 8 19 18 
27 18 26 7 29 5 4 12 15 14 16 24 1 8 10 17 23 6 
19 26 11 7 20 27 15 6 5 21 10 1 13 29 18 9 23 22 
26 8 27 2 3 11 4 20 10 25 15 23 31 22 
15 31 23 30 26 1 27 19 7 22 8 16 12 11 
26 25 28 27 3 19 7 15 
7 23 18 26 27 11 
CNOT: 136, depth: 14
21 5 29 13 19 3 20 4 14 6 27 11 28 12 30 22 18 2 26 10 8 0 9 1 15 7 24 16 25 17 31 23 
31 15 30 14 7 19 11 3 12 4 28 20 29 21 23 9 17 18 24 8 5 22 1 25 2 26 16 0 
21 30 17 1 7 28 20 29 19 27 18 10 0 24 23 25 5 6 4 13 3 12 22 14 
29 21 16 25 10 2 15 17 5 30 3 19 4 28 7 31 9 1 13 14 23 24 18 20 
5 31 23 7 17 19 16 24 3 29 15 20 13 21 6 30 28 27 10 9 
23 27 4 5 7 8 15 16 12 29 1 9 3 11 0 17 31 22 30 14 2 19 10 28 
15 27 7 16 4 29 13 23 8 0 10 19 18 28 5 14 30 31 25 17 
15 26 27 11 16 1 7 12 5 23 24 0 28 3 14 6 9 10 8 17 18 19 
18 27 7 26 5 29 12 4 14 15 24 16 8 1 17 10 6 23 
26 19 7 11 27 20 6 15 21 5 1 10 29 13 9 18 22 23 
8 26 2 27 11 3 20 4 25 10 23 15 22 31 
31 15 30 23 1 26 19 27 22 7 16 8 11 12 
25 26 27 28 19 3 15 7 
23 7 26 18 11 27 
CNOT: 136, depth: 14
21 5 29 13 19 3 20 4 14 6 27 11 28 12 30 22 18 2 26 10 8 0 9 1 15 7 24 16 25 17 31 23 
31 15 30 14 7 19 11 3 12 4 28 20 29 21 23 9 17 18 24 8 5 22 1 25 2 26 16 0 
21 30 17 1 7 28 20 29 19 27 18 10 0 24 23 25 5 6 4 13 3 12 22 14 
29 21 16 25 10 2 15 17 5 30 3 19 4 28 7 31 9 1 13 14 23 24 18 20 
5 31 23 7 17 19 16 24 3 29 15 20 13 21 6 30 28 27 10 9 
23 27 4 5 7 8 15 16 12 29 1 9 3 11 0 17 31 22 30 14 2 19 10 28 
15 27 7 16 4 29 13 23 8 0 10 19 18 28 5 14 30 31 25 17 
15 26 27 11 16 1 7 12 5 23 24 0 28 3 14 6 9 10 8 17 18 19 
18 27 7 26 5 29 12 4 14 15 24 16 8 1 17 10 6 23 
26 19 7 11 27 20 6 15 21 5 1 10 29 13 9 18 22 23 
8 26 2 27 11 3 20 4 25 10 23 15 22 31 
31 15 30 23 1 26 19 27 22 7 16 8 11 12 
25 26 27 28 19 3 15 7 
23 7 26 18 11 27 
CNOT: 136, depth: 14
