4 0 1
10 6 1
12 8 1
2 14 1
7 1 1
5 3 1
15 9 1
13 11 1
2 4 1
0 1 1
14 8 1
11 5 1
3 9 1
7 10 1
13 12 1
6 15 1
7 4 1
6 15 1
10 2 1
14 3 1
8 5 1
11 0 1
9 13 1
1 12 1
12 2 1
14 1 1
5 13 1
4 10 1
3 9 1
6 0 1
8 11 1
7 15 1
9 13 1
8 0 1
11 6 1
1 12 1
3 15 1
9 5 1
1 15 1
7 15 0
9 10 0
8 6 0
11 0 0
13 2 0
14 12 0
9 5 0
11 6 0
1 7 0
3 2 0
4 12 0
15 10 0
8 13 0
0 14 0
1 10 0
5 13 0
8 12 0
11 2 0
9 7 0
14 3 0
6 0 0
15 4 0
1 7 0
0 5 0
11 12 0
3 15 0
6 9 0
13 10 0
14 8 0
2 4 0
13 11 0
15 9 0
5 3 0
7 1 0
12 0 0
2 6 0
4 8 0
10 14 0
CNOT: 77
4 0 1
10 6 1
12 8 1
2 14 1
7 1 1
5 3 1
15 9 1
13 11 1
2 4 1
0 1 1
14 8 1
11 5 1
3 9 1
7 10 1
13 12 1
6 15 1
7 4 1
6 15 1
10 2 1
14 3 1
8 5 1
11 0 1
9 13 1
1 12 1
12 2 1
14 1 1
5 13 1
4 10 1
3 9 1
6 0 1
8 11 1
7 15 1
9 13 1
8 0 1
11 6 1
1 12 1
3 15 1
9 5 1
1 15 1
7 15 0
9 10 0
8 6 0
11 0 0
13 2 0
14 12 0
9 5 0
11 6 0
1 7 0
3 2 0
4 12 0
15 10 0
8 13 0
0 14 0
1 10 0
5 13 0
8 12 0
11 2 0
9 7 0
14 3 0
6 0 0
15 4 0
1 7 0
0 5 0
11 12 0
3 15 0
6 9 0
13 10 0
14 8 0
2 4 0
13 11 0
15 9 0
5 3 0
7 1 0
12 0 0
2 6 0
4 8 0
10 14 0
CNOT: 77
4 0 1
5 1 1
6 2 1
7 3 1
12 8 1
13 9 1
14 10 1
15 11 1
8 4 1
9 5 1
10 6 1
11 7 1
0 12 1
1 13 1
2 14 1
3 15 1
15 11 0
14 10 0
13 9 0
12 8 0
7 3 0
6 2 0
5 1 0
4 0 0
CNOT: 24
3 0 1
15 12 1
7 4 1
11 8 1
14 6 1
10 2 1
9 1 1
13 5 1
5 1 1
4 11 1
8 15 1
12 3 1
0 7 1
13 14 1
9 10 1
2 6 1
12 8 1
13 10 1
7 11 1
2 4 1
0 14 1
6 5 1
3 15 1
1 9 1
6 2 1
4 5 1
8 9 1
0 12 1
11 15 1
3 7 1
1 10 1
14 13 1
8 10 1
14 4 1
0 5 1
11 6 1
1 9 1
3 15 1
12 13 1
2 7 1
8 13 1
5 0 1
3 6 1
2 7 1
4 9 1
1 12 1
10 7 1
2 8 1
15 12 1
14 13 1
15 12 0
3 6 0
5 0 0
10 7 0
8 13 0
1 2 0
11 4 0
9 14 0
11 6 0
2 13 0
15 7 0
4 14 0
8 5 0
10 12 0
1 3 0
9 0 0
1 3 0
11 4 0
0 12 0
2 6 0
8 10 0
15 13 0
5 9 0
7 14 0
15 13 0
9 4 0
2 14 0
11 3 0
12 8 0
5 1 0
7 0 0
10 6 0
10 14 0
9 2 0
6 0 0
13 5 0
4 1 0
3 12 0
15 8 0
7 11 0
CNOT: 90
4 0 1
5 1 1
6 2 1
7 3 1
12 8 1
13 9 1
14 10 1
15 11 1
8 4 1
9 5 1
10 6 1
11 7 1
0 12 1
1 13 1
2 14 1
3 15 1
15 11 0
14 10 0
13 9 0
12 8 0
7 3 0
6 2 0
5 1 0
4 0 0
CNOT: 24
11 0 1
13 2 1
15 4 1
9 6 1
12 1 1
14 3 1
8 5 1
10 7 1
4 8 1
5 9 1
6 10 1
7 11 1
0 12 1
1 13 1
2 14 1
3 15 1
10 7 0
8 5 0
14 3 0
12 1 0
9 6 0
15 4 0
13 2 0
11 0 0
CNOT: 24
11 0 1
13 2 1
15 4 1
9 6 1
12 1 1
14 3 1
8 5 1
10 7 1
4 8 1
5 9 1
6 10 1
7 11 1
0 12 1
1 13 1
2 14 1
3 15 1
10 7 0
8 5 0
14 3 0
12 1 0
9 6 0
15 4 0
13 2 0
11 0 0
CNOT: 24
4 0 1
5 1 1
6 2 1
7 3 1
12 8 1
13 9 1
14 10 1
15 11 1
8 4 1
9 5 1
10 6 1
11 7 1
0 12 1
1 13 1
2 14 1
3 15 1
15 11 0
14 10 0
13 9 0
12 8 0
7 3 0
6 2 0
5 1 0
4 0 0
CNOT: 24
4 0 1
5 1 1
6 2 1
7 3 1
12 8 1
13 9 1
14 10 1
15 11 1
8 4 1
9 5 1
10 6 1
11 7 1
0 12 1
1 13 1
2 14 1
3 15 1
15 11 0
14 10 0
13 9 0
12 8 0
7 3 0
6 2 0
5 1 0
4 0 0
CNOT: 24
4 0 1
5 1 1
6 2 1
7 3 1
12 8 1
13 9 1
14 10 1
15 11 1
8 4 1
9 5 1
10 6 1
11 7 1
0 12 1
1 13 1
2 14 1
3 15 1
15 11 0
14 10 0
13 9 0
12 8 0
7 3 0
6 2 0
5 1 0
4 0 0
CNOT: 24
8 0 1
9 1 1
10 2 1
11 3 1
12 4 1
13 5 1
14 6 1
15 7 1
5 8 1
6 9 1
7 10 1
4 11 1
1 12 1
2 13 1
3 14 1
0 15 1
15 7 0
14 6 0
13 5 0
12 4 0
11 3 0
10 2 0
9 1 0
8 0 0
CNOT: 24
8 4 1
9 5 1
10 6 1
11 7 1
0 8 1
1 9 1
2 10 1
3 11 1
11 15 0
10 14 0
9 13 0
8 12 0
CNOT: 12
4 0 1
5 1 1
6 2 1
7 3 1
12 8 1
13 9 1
14 10 1
15 11 1
8 4 1
9 5 1
10 6 1
11 7 1
0 12 1
1 13 1
2 14 1
3 15 1
15 11 0
14 10 0
13 9 0
12 8 0
7 3 0
6 2 0
5 1 0
4 0 0
CNOT: 24
4 0 1
5 1 1
6 2 1
7 3 1
8 4 1
9 5 1
10 6 1
11 7 1
12 4 1
13 5 1
14 6 1
15 7 1
0 8 1
1 9 1
2 10 1
3 11 1
3 15 0
2 14 0
1 13 0
0 12 0
7 3 0
6 2 0
5 1 0
4 0 0
CNOT: 24
4 0 1
5 1 1
6 2 1
7 3 1
12 8 1
13 9 1
14 10 1
15 11 1
8 4 1
9 5 1
10 6 1
11 7 1
0 12 1
1 13 1
2 14 1
3 15 1
15 11 0
14 10 0
13 9 0
12 8 0
7 3 0
6 2 0
5 1 0
4 0 0
CNOT: 24
4 0 1
5 1 1
6 2 1
7 3 1
8 4 1
9 5 1
10 6 1
11 7 1
12 4 1
13 5 1
14 6 1
15 7 1
0 8 1
1 9 1
2 10 1
3 11 1
3 15 0
2 14 0
1 13 0
0 12 0
7 3 0
6 2 0
5 1 0
4 0 0
CNOT: 24
4 0 1
5 1 1
6 2 1
7 3 1
8 4 1
9 5 1
10 6 1
11 7 1
12 4 1
13 5 1
14 6 1
15 7 1
0 8 1
1 9 1
2 10 1
3 11 1
3 15 0
2 14 0
1 13 0
0 12 0
7 3 0
6 2 0
5 1 0
4 0 0
CNOT: 24
8 0 1
4 12 1
5 2 1
13 10 1
15 7 1
14 3 1
1 9 1
12 9 1
5 6 1
10 2 1
4 1 1
13 14 1
5 8 1
6 3 1
14 10 1
13 0 1
14 6 1
11 3 1
5 15 1
2 10 1
8 0 1
4 14 1
15 11 1
8 5 1
2 6 1
3 13 1
3 11 1
2 13 1
12 2 1
11 7 1
12 3 0
6 7 0
2 4 0
3 15 0
2 15 0
13 7 0
6 4 0
0 5 0
8 3 0
1 14 0
2 0 0
7 15 0
5 4 0
11 12 0
9 8 0
6 14 0
13 0 0
5 1 0
10 15 0
9 2 0
4 12 0
7 3 0
2 6 0
14 10 0
11 0 0
15 13 0
7 4 0
8 5 0
1 9 0
14 6 0
10 2 0
13 11 0
15 7 0
4 5 0
12 8 0
0 1 0
3 9 0
CNOT: 67
4 0 1
5 1 1
6 2 1
7 3 1
8 4 1
9 5 1
10 6 1
11 7 1
12 4 1
13 5 1
14 6 1
15 7 1
0 8 1
1 9 1
2 10 1
3 11 1
3 15 0
2 14 0
1 13 0
0 12 0
7 3 0
6 2 0
5 1 0
4 0 0
CNOT: 24
1 12 1
3 14 1
5 8 1
7 10 1
12 13 1
14 15 1
8 9 1
10 11 1
10 0 1
11 1 1
12 2 1
13 3 1
14 4 1
15 5 1
8 6 1
9 7 1
0 1 0
6 7 0
4 5 0
2 3 0
7 10 0
5 8 0
3 14 0
1 12 0
CNOT: 24
5 8 1
7 10 1
1 12 1
3 14 1
8 9 1
10 11 1
12 13 1
14 15 1
10 0 1
11 1 1
12 2 1
13 3 1
14 4 1
15 5 1
8 6 1
9 7 1
4 5 0
2 3 0
0 1 0
6 7 0
3 14 0
1 12 0
7 10 0
5 8 0
CNOT: 24
12 8 1
13 9 1
14 10 1
15 11 1
0 12 1
1 13 1
2 14 1
3 15 1
8 0 1
9 1 1
10 2 1
11 3 1
4 12 1
5 13 1
6 14 1
7 15 1
11 7 0
10 6 0
9 5 0
8 4 0
15 11 0
14 10 0
13 9 0
12 8 0
CNOT: 24
12 0 1
1 5 1
6 10 1
11 15 1
8 12 1
13 1 1
2 6 1
7 11 1
9 1 1
10 2 1
14 6 1
15 7 1
0 8 1
3 11 1
4 12 1
5 13 1
15 3 0
10 14 0
5 9 0
0 4 0
11 15 0
6 10 0
1 5 0
12 0 0
CNOT: 24
8 12 1
13 1 1
2 6 1
7 11 1
4 8 1
9 13 1
14 2 1
3 7 1
10 2 1
11 3 1
12 4 1
15 7 1
0 8 1
1 9 1
5 13 1
6 14 1
11 15 0
6 10 0
1 5 0
12 0 0
7 11 0
2 6 0
13 1 0
8 12 0
CNOT: 24
10 2 1
11 3 1
8 0 1
9 1 1
3 6 1
0 7 1
1 4 1
2 5 1
5 8 1
6 9 1
7 10 1
4 11 1
1 12 1
2 13 1
3 14 1
0 15 1
13 8 0
12 11 0
15 10 0
14 9 0
9 1 0
8 0 0
11 3 0
10 2 0
CNOT: 24
10 2 1
11 3 1
8 0 1
9 1 1
3 6 1
0 7 1
1 4 1
2 5 1
5 8 1
6 9 1
7 10 1
4 11 1
1 12 1
2 13 1
3 14 1
0 15 1
13 8 0
12 11 0
15 10 0
14 9 0
9 1 0
8 0 0
11 3 0
10 2 0
CNOT: 24
8 4 1
9 5 1
10 6 1
11 7 1
0 8 1
1 9 1
2 10 1
3 11 1
11 15 0
10 14 0
9 13 0
8 12 0
CNOT: 12
8 4 1
9 5 1
10 6 1
11 7 1
0 8 1
1 9 1
2 10 1
3 11 1
11 15 0
10 14 0
9 13 0
8 12 0
CNOT: 12
8 4 1
9 5 1
10 6 1
11 7 1
0 8 1
1 9 1
2 10 1
3 11 1
11 15 0
10 14 0
9 13 0
8 12 0
CNOT: 12
