30 14 22 6 7 15 23 31 13 5 20 4 29 21 27 11 3 19 24 8 9 1 26 10 12 28 18 2 25 17 16 0 
29 13 7 23 21 5 3 27 17 1 16 9 31 19 28 20 22 30 18 26 15 25 2 10 0 8 4 12 6 14 11 24 
30 7 11 24 17 18 21 22 4 28 1 2 27 12 5 13 26 3 15 16 10 19 6 14 31 23 8 25 20 29 0 9 
27 29 4 21 11 3 31 7 8 16 23 17 15 20 0 26 14 30 2 18 19 10 12 24 22 28 25 9 6 1 5 13 
12 29 31 30 7 3 10 4 16 9 15 11 5 13 17 25 1 27 23 24 6 0 18 20 2 8 14 19 26 21 28 22 
2 11 1 17 31 0 26 21 28 22 7 23 12 24 15 27 14 29 6 4 9 18 3 10 5 8 16 13 20 19 30 25 
6 31 27 20 0 17 29 23 16 25 13 22 26 24 28 30 2 8 14 19 11 4 9 18 15 1 5 7 3 10 12 21 
0 16 11 27 19 10 5 14 25 9 31 3 8 21 6 15 7 12 2 4 1 17 18 20 13 22 26 24 28 30 29 23 
5 7 17 4 15 0 3 27 18 26 24 9 13 30 1 25 23 12 2 10 6 19 11 20 14 29 22 28 31 16 8 21 
16 12 9 26 19 27 0 8 14 22 15 23 28 13 5 6 21 29 24 25 7 3 10 11 1 20 2 18 31 30 17 4 
27 11 21 5 23 31 14 7 15 19 29 13 17 1 8 9 0 24 25 26 4 28 22 30 10 18 2 20 6 3 16 12 
13 5 29 21 22 6 30 14 24 8 7 15 31 27 20 4 9 1 26 10 3 19 12 28 18 2 25 17 23 11 16 0 
CNOT: 202, depth: 12
30 14 22 6 7 15 23 31 13 5 20 4 29 21 27 11 3 19 24 8 9 1 26 10 12 28 18 2 25 17 16 0 
29 13 7 23 21 5 3 27 17 1 16 9 31 19 28 20 22 30 18 26 15 25 2 10 0 8 4 12 6 14 11 24 
30 7 11 24 17 18 21 22 4 28 1 2 27 12 5 13 26 3 15 16 10 19 6 14 31 23 8 25 20 29 0 9 
27 29 4 21 11 3 31 7 8 16 23 17 15 20 0 26 14 30 2 18 19 10 12 24 22 28 25 9 6 1 5 13 
12 29 31 30 7 3 10 4 16 9 15 11 5 13 17 25 1 27 23 24 6 0 18 20 2 8 14 19 26 21 28 22 
2 11 1 17 31 0 26 21 28 22 7 23 12 24 15 27 14 29 6 4 9 18 3 10 5 8 16 13 20 19 30 25 
6 31 27 20 0 17 29 23 16 25 13 22 26 24 28 30 2 8 14 19 11 4 9 18 15 1 5 7 3 10 12 21 
0 16 11 27 19 10 5 14 25 9 31 3 8 21 6 15 7 12 2 4 1 17 18 20 13 22 26 24 28 30 29 23 
5 7 17 4 15 0 3 27 18 26 24 9 13 30 1 25 23 12 2 10 6 19 11 20 14 29 22 28 31 16 8 21 
16 12 9 26 19 27 0 8 14 22 15 23 28 13 5 6 21 29 24 25 7 3 10 11 1 20 2 18 31 30 17 4 
27 11 21 5 23 31 14 7 15 19 29 13 17 1 8 9 0 24 25 26 4 28 22 30 10 18 2 20 6 3 16 12 
13 5 29 21 22 6 30 14 24 8 7 15 31 27 20 4 9 1 26 10 3 19 12 28 18 2 25 17 23 11 16 0 
CNOT: 202, depth: 12
30 14 22 6 7 15 23 31 13 5 20 4 29 21 27 11 3 19 24 8 9 1 26 10 12 28 18 2 25 17 16 0 
29 13 7 23 21 5 3 27 17 1 16 9 31 19 28 20 22 30 18 26 15 25 2 10 0 8 4 12 6 14 11 24 
30 7 11 24 17 18 21 22 4 28 1 2 27 12 5 13 26 3 15 16 10 19 6 14 31 23 8 25 20 29 0 9 
27 29 4 21 11 3 31 7 8 16 23 17 15 20 0 26 14 30 2 18 19 10 12 24 22 28 25 9 6 1 5 13 
12 29 31 30 7 3 10 4 16 9 15 11 5 13 17 25 1 27 23 24 6 0 18 20 2 8 14 19 26 21 28 22 
2 11 1 17 31 0 26 21 28 22 7 23 12 24 15 27 14 29 6 4 9 18 3 10 5 8 16 13 20 19 30 25 
6 31 27 20 0 17 29 23 16 25 13 22 26 24 28 30 2 8 14 19 11 4 9 18 15 1 5 7 3 10 12 21 
0 16 11 27 19 10 5 14 25 9 31 3 8 21 6 15 7 12 2 4 1 17 18 20 13 22 26 24 28 30 29 23 
5 7 17 4 15 0 3 27 18 26 24 9 13 30 1 25 23 12 2 10 6 19 11 20 14 29 22 28 31 16 8 21 
16 12 9 26 19 27 0 8 14 22 15 23 28 13 5 6 21 29 24 25 7 3 10 11 1 20 2 18 31 30 17 4 
27 11 21 5 23 31 14 7 15 19 29 13 17 1 8 9 0 24 25 26 4 28 22 30 10 18 2 20 6 3 16 12 
13 5 29 21 22 6 30 14 24 8 7 15 31 27 20 4 9 1 26 10 3 19 12 28 18 2 25 17 23 11 16 0 
CNOT: 202, depth: 12
30 14 22 6 7 15 23 31 13 5 20 4 29 21 27 11 3 19 24 8 9 1 26 10 12 28 18 2 25 17 16 0 
29 13 7 23 21 5 3 27 17 1 16 9 31 19 28 20 22 30 18 26 15 25 2 10 0 8 4 12 6 14 11 24 
30 7 11 24 17 18 21 22 4 28 1 2 27 12 5 13 26 3 15 16 10 19 6 14 31 23 8 25 20 29 0 9 
27 29 4 21 11 3 31 7 8 16 23 17 15 20 0 26 14 30 2 18 19 10 12 24 22 28 25 9 6 1 5 13 
12 29 31 30 7 3 10 4 16 9 15 11 5 13 17 25 1 27 23 24 6 0 18 20 2 8 14 19 26 21 28 22 
2 11 1 17 31 0 26 21 28 22 7 23 12 24 15 27 14 29 6 4 9 18 3 10 5 8 16 13 20 19 30 25 
6 31 27 20 0 17 29 23 16 25 13 22 26 24 28 30 2 8 14 19 11 4 9 18 15 1 5 7 3 10 12 21 
0 16 11 27 19 10 5 14 25 9 31 3 8 21 6 15 7 12 2 4 1 17 18 20 13 22 26 24 28 30 29 23 
5 7 17 4 15 0 3 27 18 26 24 9 13 30 1 25 23 12 2 10 6 19 11 20 14 29 22 28 31 16 8 21 
16 12 9 26 19 27 0 8 14 22 15 23 28 13 5 6 21 29 24 25 7 3 10 11 1 20 2 18 31 30 17 4 
27 11 21 5 23 31 14 7 15 19 29 13 17 1 8 9 0 24 25 26 4 28 22 30 10 18 2 20 6 3 16 12 
13 5 29 21 22 6 30 14 24 8 7 15 31 27 20 4 9 1 26 10 3 19 12 28 18 2 25 17 23 11 16 0 
CNOT: 202, depth: 12
30 14 22 6 7 15 23 31 13 5 20 4 29 21 27 11 3 19 24 8 9 1 26 10 12 28 18 2 25 17 16 0 
29 13 7 23 21 5 3 27 17 1 16 9 31 19 28 20 22 30 18 26 15 25 2 10 0 8 4 12 6 14 11 24 
30 7 11 24 17 18 21 22 4 28 1 2 27 12 5 13 26 3 15 16 10 19 6 14 31 23 8 25 20 29 0 9 
27 29 4 21 11 3 31 7 8 16 23 17 15 20 0 26 14 30 2 18 19 10 12 24 22 28 25 9 6 1 5 13 
12 29 31 30 7 3 10 4 16 9 15 11 5 13 17 25 1 27 23 24 6 0 18 20 2 8 14 19 26 21 28 22 
2 11 1 17 31 0 26 21 28 22 7 23 12 24 15 27 14 29 6 4 9 18 3 10 5 8 16 13 20 19 30 25 
6 31 27 20 0 17 29 23 16 25 13 22 26 24 28 30 2 8 14 19 11 4 9 18 15 1 5 7 3 10 12 21 
0 16 11 27 19 10 5 14 25 9 31 3 8 21 6 15 7 12 2 4 1 17 18 20 13 22 26 24 28 30 29 23 
5 7 17 4 15 0 3 27 18 26 24 9 13 30 1 25 23 12 2 10 6 19 11 20 14 29 22 28 31 16 8 21 
16 12 9 26 19 27 0 8 14 22 15 23 28 13 5 6 21 29 24 25 7 3 10 11 1 20 2 18 31 30 17 4 
27 11 21 5 23 31 14 7 15 19 29 13 17 1 8 9 0 24 25 26 4 28 22 30 10 18 2 20 6 3 16 12 
13 5 29 21 22 6 30 14 24 8 7 15 31 27 20 4 9 1 26 10 3 19 12 28 18 2 25 17 23 11 16 0 
CNOT: 202, depth: 12
30 14 22 6 7 15 23 31 13 5 20 4 29 21 27 11 3 19 24 8 9 1 26 10 12 28 18 2 25 17 16 0 
29 13 7 23 21 5 3 27 17 1 16 9 31 19 28 20 22 30 18 26 15 25 2 10 0 8 4 12 6 14 11 24 
30 7 11 24 17 18 21 22 4 28 1 2 27 12 5 13 26 3 15 16 10 19 6 14 31 23 8 25 20 29 0 9 
27 29 4 21 11 3 31 7 8 16 23 17 15 20 0 26 14 30 2 18 19 10 12 24 22 28 25 9 6 1 5 13 
12 29 31 30 7 3 10 4 16 9 15 11 5 13 17 25 1 27 23 24 6 0 18 20 2 8 14 19 26 21 28 22 
2 11 1 17 31 0 26 21 28 22 7 23 12 24 15 27 14 29 6 4 9 18 3 10 5 8 16 13 20 19 30 25 
6 31 27 20 0 17 29 23 16 25 13 22 26 24 28 30 2 8 14 19 11 4 9 18 15 1 5 7 3 10 12 21 
0 16 11 27 19 10 5 14 25 9 31 3 8 21 6 15 7 12 2 4 1 17 18 20 13 22 26 24 28 30 29 23 
5 7 17 4 15 0 3 27 18 26 24 9 13 30 1 25 23 12 2 10 6 19 11 20 14 29 22 28 31 16 8 21 
16 12 9 26 19 27 0 8 14 22 15 23 28 13 5 6 21 29 24 25 7 3 10 11 1 20 2 18 31 30 17 4 
27 11 21 5 23 31 14 7 15 19 29 13 17 1 8 9 0 24 25 26 4 28 22 30 10 18 2 20 6 3 16 12 
13 5 29 21 22 6 30 14 24 8 7 15 31 27 20 4 9 1 26 10 3 19 12 28 18 2 25 17 23 11 16 0 
CNOT: 202, depth: 12
30 14 22 6 7 15 23 31 13 5 20 4 29 21 27 11 3 19 24 8 9 1 26 10 12 28 18 2 25 17 16 0 
29 13 7 23 21 5 3 27 17 1 16 9 31 19 28 20 22 30 18 26 15 25 2 10 0 8 4 12 6 14 11 24 
30 7 11 24 17 18 21 22 4 28 1 2 27 12 5 13 26 3 15 16 10 19 6 14 31 23 8 25 20 29 0 9 
27 29 4 21 11 3 31 7 8 16 23 17 15 20 0 26 14 30 2 18 19 10 12 24 22 28 25 9 6 1 5 13 
12 29 31 30 7 3 10 4 16 9 15 11 5 13 17 25 1 27 23 24 6 0 18 20 2 8 14 19 26 21 28 22 
2 11 1 17 31 0 26 21 28 22 7 23 12 24 15 27 14 29 6 4 9 18 3 10 5 8 16 13 20 19 30 25 
6 31 27 20 0 17 29 23 16 25 13 22 26 24 28 30 2 8 14 19 11 4 9 18 15 1 5 7 3 10 12 21 
0 16 11 27 19 10 5 14 25 9 31 3 8 21 6 15 7 12 2 4 1 17 18 20 13 22 26 24 28 30 29 23 
5 7 17 4 15 0 3 27 18 26 24 9 13 30 1 25 23 12 2 10 6 19 11 20 14 29 22 28 31 16 8 21 
16 12 9 26 19 27 0 8 14 22 15 23 28 13 5 6 21 29 24 25 7 3 10 11 1 20 2 18 31 30 17 4 
27 11 21 5 23 31 14 7 15 19 29 13 17 1 8 9 0 24 25 26 4 28 22 30 10 18 2 20 6 3 16 12 
13 5 29 21 22 6 30 14 24 8 7 15 31 27 20 4 9 1 26 10 3 19 12 28 18 2 25 17 23 11 16 0 
CNOT: 202, depth: 12
30 14 22 6 7 15 23 31 13 5 20 4 29 21 27 11 3 19 24 8 9 1 26 10 12 28 18 2 25 17 16 0 
29 13 7 23 21 5 3 27 17 1 16 9 31 19 28 20 22 30 18 26 15 25 2 10 0 8 4 12 6 14 11 24 
30 7 11 24 17 18 21 22 4 28 1 2 27 12 5 13 26 3 15 16 10 19 6 14 31 23 8 25 20 29 0 9 
27 29 4 21 11 3 31 7 8 16 23 17 15 20 0 26 14 30 2 18 19 10 12 24 22 28 25 9 6 1 5 13 
12 29 31 30 7 3 10 4 16 9 15 11 5 13 17 25 1 27 23 24 6 0 18 20 2 8 14 19 26 21 28 22 
2 11 1 17 31 0 26 21 28 22 7 23 12 24 15 27 14 29 6 4 9 18 3 10 5 8 16 13 20 19 30 25 
6 31 27 20 0 17 29 23 16 25 13 22 26 24 28 30 2 8 14 19 11 4 9 18 15 1 5 7 3 10 12 21 
0 16 11 27 19 10 5 14 25 9 31 3 8 21 6 15 7 12 2 4 1 17 18 20 13 22 26 24 28 30 29 23 
5 7 17 4 15 0 3 27 18 26 24 9 13 30 1 25 23 12 2 10 6 19 11 20 14 29 22 28 31 16 8 21 
16 12 9 26 19 27 0 8 14 22 15 23 28 13 5 6 21 29 24 25 7 3 10 11 1 20 2 18 31 30 17 4 
27 11 21 5 23 31 14 7 15 19 29 13 17 1 8 9 0 24 25 26 4 28 22 30 10 18 2 20 6 3 16 12 
13 5 29 21 22 6 30 14 24 8 7 15 31 27 20 4 9 1 26 10 3 19 12 28 18 2 25 17 23 11 16 0 
CNOT: 202, depth: 12
30 14 22 6 7 15 23 31 13 5 20 4 29 21 27 11 3 19 24 8 9 1 26 10 12 28 18 2 25 17 16 0 
29 13 7 23 21 5 3 27 17 1 16 9 31 19 28 20 22 30 18 26 15 25 2 10 0 8 4 12 6 14 11 24 
30 7 11 24 17 18 21 22 4 28 1 2 27 12 5 13 26 3 15 16 10 19 6 14 31 23 8 25 20 29 0 9 
27 29 4 21 11 3 31 7 8 16 23 17 15 20 0 26 14 30 2 18 19 10 12 24 22 28 25 9 6 1 5 13 
12 29 31 30 7 3 10 4 16 9 15 11 5 13 17 25 1 27 23 24 6 0 18 20 2 8 14 19 26 21 28 22 
2 11 1 17 31 0 26 21 28 22 7 23 12 24 15 27 14 29 6 4 9 18 3 10 5 8 16 13 20 19 30 25 
6 31 27 20 0 17 29 23 16 25 13 22 26 24 28 30 2 8 14 19 11 4 9 18 15 1 5 7 3 10 12 21 
0 16 11 27 19 10 5 14 25 9 31 3 8 21 6 15 7 12 2 4 1 17 18 20 13 22 26 24 28 30 29 23 
5 7 17 4 15 0 3 27 18 26 24 9 13 30 1 25 23 12 2 10 6 19 11 20 14 29 22 28 31 16 8 21 
16 12 9 26 19 27 0 8 14 22 15 23 28 13 5 6 21 29 24 25 7 3 10 11 1 20 2 18 31 30 17 4 
27 11 21 5 23 31 14 7 15 19 29 13 17 1 8 9 0 24 25 26 4 28 22 30 10 18 2 20 6 3 16 12 
13 5 29 21 22 6 30 14 24 8 7 15 31 27 20 4 9 1 26 10 3 19 12 28 18 2 25 17 23 11 16 0 
CNOT: 202, depth: 12
