4 0 10 6 12 8 2 14 7 1 5 3 15 9 13 11 2 4 0 1 14 8 11 5 3 9 7 10 13 12 6 15 7 4 6 15 10 2 14 3 8 5 11 0 9 13 1 12 12 2 14 1 5 13 4 10 3 9 6 0 8 11 7 15 9 13 8 0 11 6 1 12 3 15 9 5 1 15 
10 14 4 8 2 6 12 0 7 1 5 3 15 9 13 11 2 4 14 8 13 10 6 9 3 15 11 12 0 5 1 7 15 4 6 0 14 3 9 7 11 2 8 12 5 13 1 10 0 14 8 13 15 10 4 12 3 2 1 7 11 6 9 5 14 12 13 2 11 0 8 6 9 10 7 15 
CNOT: 77, depth: 2
4 0 10 6 12 8 2 14 7 1 5 3 15 9 13 11 2 4 0 1 14 8 11 5 3 9 7 10 13 12 6 15 7 4 6 15 10 2 14 3 8 5 11 0 9 13 1 12 12 2 14 1 5 13 4 10 3 9 6 0 8 11 7 15 9 13 8 0 11 6 1 12 3 15 9 5 1 15 
10 14 4 8 2 6 12 0 7 1 5 3 15 9 13 11 2 4 14 8 13 10 6 9 3 15 11 12 0 5 1 7 15 4 6 0 14 3 9 7 11 2 8 12 5 13 1 10 0 14 8 13 15 10 4 12 3 2 1 7 11 6 9 5 14 12 13 2 11 0 8 6 9 10 7 15 
CNOT: 77, depth: 2
4 0 5 1 6 2 7 3 12 8 13 9 14 10 15 11 8 4 9 5 10 6 11 7 0 12 1 13 2 14 3 15 
4 0 5 1 6 2 7 3 12 8 13 9 14 10 15 11 
CNOT: 24, depth: 2
3 0 15 12 7 4 11 8 14 6 10 2 9 1 13 5 5 1 4 11 8 15 12 3 0 7 13 14 9 10 2 6 12 8 13 10 7 11 2 4 0 14 6 5 3 15 1 9 6 2 4 5 8 9 0 12 11 15 3 7 1 10 14 13 8 10 14 4 0 5 11 6 1 9 3 15 12 13 2 7 8 13 5 0 3 6 2 7 4 9 1 12 10 7 2 8 15 12 14 13 
7 11 15 8 3 12 4 1 13 5 6 0 9 2 10 14 10 6 7 0 5 1 12 8 11 3 2 14 9 4 15 13 7 14 5 9 15 13 8 10 2 6 0 12 11 4 1 3 9 0 1 3 10 12 8 5 4 14 15 7 2 13 11 6 9 14 11 4 1 2 8 13 10 7 5 0 3 6 15 12 
CNOT: 90, depth: 2
4 0 5 1 6 2 7 3 12 8 13 9 14 10 15 11 8 4 9 5 10 6 11 7 0 12 1 13 2 14 3 15 
4 0 5 1 6 2 7 3 12 8 13 9 14 10 15 11 
CNOT: 24, depth: 2
11 0 13 2 15 4 9 6 12 1 14 3 8 5 10 7 4 8 5 9 6 10 7 11 0 12 1 13 2 14 3 15 
11 0 13 2 15 4 9 6 12 1 14 3 8 5 10 7 
CNOT: 24, depth: 2
11 0 13 2 15 4 9 6 12 1 14 3 8 5 10 7 4 8 5 9 6 10 7 11 0 12 1 13 2 14 3 15 
11 0 13 2 15 4 9 6 12 1 14 3 8 5 10 7 
CNOT: 24, depth: 2
4 0 5 1 6 2 7 3 12 8 13 9 14 10 15 11 8 4 9 5 10 6 11 7 0 12 1 13 2 14 3 15 
4 0 5 1 6 2 7 3 12 8 13 9 14 10 15 11 
CNOT: 24, depth: 2
4 0 5 1 6 2 7 3 12 8 13 9 14 10 15 11 8 4 9 5 10 6 11 7 0 12 1 13 2 14 3 15 
4 0 5 1 6 2 7 3 12 8 13 9 14 10 15 11 
CNOT: 24, depth: 2
4 0 5 1 6 2 7 3 12 8 13 9 14 10 15 11 8 4 9 5 10 6 11 7 0 12 1 13 2 14 3 15 
4 0 5 1 6 2 7 3 12 8 13 9 14 10 15 11 
CNOT: 24, depth: 2
8 0 9 1 10 2 11 3 12 4 13 5 14 6 15 7 5 8 6 9 7 10 4 11 1 12 2 13 3 14 0 15 
8 0 9 1 10 2 11 3 12 4 13 5 14 6 15 7 
CNOT: 24, depth: 2
8 4 9 5 10 6 11 7 0 8 1 9 2 10 3 11 
8 12 9 13 10 14 11 15 
CNOT: 12, depth: 2
4 0 5 1 6 2 7 3 12 8 13 9 14 10 15 11 8 4 9 5 10 6 11 7 0 12 1 13 2 14 3 15 
4 0 5 1 6 2 7 3 12 8 13 9 14 10 15 11 
CNOT: 24, depth: 2
4 0 5 1 6 2 7 3 
8 4 9 5 10 6 11 7 12 4 13 5 14 6 15 7 0 8 1 9 2 10 3 11 
0 12 1 13 2 14 3 15 
4 0 5 1 6 2 7 3 
CNOT: 24, depth: 4
4 0 5 1 6 2 7 3 12 8 13 9 14 10 15 11 8 4 9 5 10 6 11 7 0 12 1 13 2 14 3 15 
4 0 5 1 6 2 7 3 12 8 13 9 14 10 15 11 
CNOT: 24, depth: 2
4 0 5 1 6 2 7 3 
8 4 9 5 10 6 11 7 12 4 13 5 14 6 15 7 0 8 1 9 2 10 3 11 
0 12 1 13 2 14 3 15 
4 0 5 1 6 2 7 3 
CNOT: 24, depth: 4
4 0 5 1 6 2 7 3 
8 4 9 5 10 6 11 7 12 4 13 5 14 6 15 7 0 8 1 9 2 10 3 11 
0 12 1 13 2 14 3 15 
4 0 5 1 6 2 7 3 
CNOT: 24, depth: 4
8 0 4 12 5 2 13 10 15 7 14 3 1 9 
12 9 5 6 10 2 4 1 13 14 
5 8 6 3 14 10 13 0 
14 6 11 3 5 15 2 10 8 0 
4 14 15 11 8 5 2 6 3 13 
3 11 2 13 
12 2 11 7 
12 3 
3 15 2 4 6 7 
8 3 0 5 6 4 13 7 2 15 
9 8 11 12 5 4 7 15 2 0 1 14 
7 3 4 12 9 2 10 15 5 1 13 0 6 14 
1 9 8 5 7 4 15 13 11 0 14 10 2 6 
3 9 0 1 12 8 4 5 15 7 13 11 10 2 14 6 
CNOT: 67, depth: 14
4 0 5 1 6 2 7 3 
8 4 9 5 10 6 11 7 12 4 13 5 14 6 15 7 0 8 1 9 2 10 3 11 
0 12 1 13 2 14 3 15 
4 0 5 1 6 2 7 3 
CNOT: 24, depth: 4
1 12 3 14 5 8 7 10 
12 13 14 15 8 9 10 11 10 0 11 1 12 2 13 3 14 4 15 5 8 6 9 7 
2 3 4 5 6 7 0 1 
1 12 3 14 5 8 7 10 
CNOT: 24, depth: 4
5 8 7 10 1 12 3 14 
8 9 10 11 12 13 14 15 10 0 11 1 12 2 13 3 14 4 15 5 8 6 9 7 
6 7 0 1 2 3 4 5 
5 8 7 10 1 12 3 14 
CNOT: 24, depth: 4
12 8 13 9 14 10 15 11 
0 12 1 13 2 14 3 15 8 0 9 1 10 2 11 3 4 12 5 13 6 14 7 15 
8 4 9 5 10 6 11 7 
12 8 13 9 14 10 15 11 
CNOT: 24, depth: 4
12 0 1 5 6 10 11 15 
8 12 13 1 2 6 7 11 9 1 10 2 14 6 15 7 0 8 3 11 4 12 5 13 
0 4 5 9 10 14 15 3 
12 0 1 5 6 10 11 15 
CNOT: 24, depth: 4
8 12 13 1 2 6 7 11 
4 8 9 13 14 2 3 7 10 2 11 3 12 4 15 7 0 8 1 9 5 13 6 14 
12 0 1 5 6 10 11 15 
8 12 13 1 2 6 7 11 
CNOT: 24, depth: 4
10 2 11 3 8 0 9 1 
3 6 0 7 1 4 2 5 5 8 6 9 7 10 4 11 1 12 2 13 3 14 0 15 
14 9 15 10 12 11 13 8 
10 2 11 3 8 0 9 1 
CNOT: 24, depth: 4
10 2 11 3 8 0 9 1 
3 6 0 7 1 4 2 5 5 8 6 9 7 10 4 11 1 12 2 13 3 14 0 15 
14 9 15 10 12 11 13 8 
10 2 11 3 8 0 9 1 
CNOT: 24, depth: 4
8 4 9 5 10 6 11 7 0 8 1 9 2 10 3 11 
8 12 9 13 10 14 11 15 
CNOT: 12, depth: 2
8 4 9 5 10 6 11 7 0 8 1 9 2 10 3 11 
8 12 9 13 10 14 11 15 
CNOT: 12, depth: 2
8 4 9 5 10 6 11 7 0 8 1 9 2 10 3 11 
8 12 9 13 10 14 11 15 
CNOT: 12, depth: 2
