CNOT: 0
CNOT: 0
12 8 1
31 15 1
28 8 1
11 27 1
22 30 1
2 26 1
25 27 1
7 31 1
8 0 1
7 15 1
12 0 1
6 23 1
2 16 1
31 22 1
27 8 1
28 0 1
7 15 1
25 27 1
19 3 1
4 20 1
2 1 1
13 29 1
5 21 1
24 16 1
26 8 1
31 6 1
22 14 1
23 6 1
12 28 1
7 14 1
17 1 1
9 18 1
13 5 1
15 22 1
24 25 1
20 19 1
3 27 1
10 2 1
8 31 1
22 30 1
10 1 1
6 23 1
26 16 1
29 5 1
17 9 1
4 12 1
11 19 1
2 24 1
28 20 1
15 13 1
3 8 1
31 7 1
22 23 1
30 6 1
24 0 1
26 18 1
3 15 1
12 7 1
21 13 1
9 10 1
28 17 1
29 11 1
20 31 1
27 2 1
2 8 1
6 23 1
14 22 1
20 17 1
1 24 1
19 7 1
30 13 1
25 31 1
5 4 1
27 26 1
3 9 1
29 12 1
12 4 1
28 8 1
6 14 1
16 24 1
25 15 1
27 11 1
22 7 1
26 31 1
19 17 1
1 2 1
13 5 1
18 10 1
20 3 1
23 30 1
21 29 1
8 31 1
17 9 1
24 10 1
6 30 1
12 11 1
20 4 1
18 26 1
3 27 1
22 5 1
0 16 1
1 25 1
29 28 1
7 15 1
23 21 1
30 13 1
0 8 1
26 17 1
2 9 1
14 5 1
24 25 1
10 18 1
28 20 1
11 19 1
21 29 1
4 12 1
27 15 1
16 7 1
6 23 1
31 22 1
10 24 1
8 16 1
7 31 1
15 22 1
0 25 1
18 1 1
17 2 1
9 26 1
19 3 1
4 28 1
11 27 1
12 20 1
14 23 1
30 6 1
13 29 1
5 21 1
CNOT: 136
29 13 1
21 5 1
4 20 1
22 30 1
28 12 1
11 27 1
19 3 1
6 14 1
10 26 1
18 2 1
31 23 1
25 1 1
8 24 1
16 0 1
7 15 1
9 17 1
7 31 1
6 22 1
15 19 1
23 9 1
21 29 1
20 12 1
4 28 1
27 3 1
17 10 1
8 16 1
5 14 1
26 18 1
24 0 1
13 30 1
1 25 1
29 6 1
31 11 1
17 1 1
28 21 1
5 7 1
25 4 1
23 15 1
0 8 1
30 22 1
10 2 1
3 19 1
24 16 1
12 20 1
21 29 1
30 6 1
13 5 1
2 26 1
19 11 1
16 17 1
1 9 1
31 8 1
12 4 1
3 20 1
23 25 1
15 7 1
27 28 1
14 22 1
23 31 1
3 21 1
17 19 1
5 30 1
8 24 1
16 18 1
12 13 1
2 11 1
25 28 1
15 20 1
7 14 1
6 22 1
4 27 1
11 27 1
15 8 1
5 23 1
31 16 1
20 12 1
9 17 1
18 19 1
2 28 1
3 4 1
13 21 1
6 7 1
22 30 1
24 0 1
1 25 1
1 2 1
31 25 1
15 21 1
29 5 1
26 11 1
27 28 1
24 16 1
10 19 1
8 0 1
30 23 1
9 18 1
14 7 1
22 6 1
25 18 1
15 28 1
12 21 1
6 31 1
19 27 1
5 13 1
10 4 1
11 3 1
16 0 1
17 1 1
8 9 1
7 23 1
14 30 1
27 4 1
15 25 1
30 31 1
16 9 1
24 18 1
21 29 1
28 20 1
2 10 1
22 6 1
8 0 1
15 19 1
25 27 1
16 18 1
7 31 1
13 29 1
4 11 1
9 1 1
14 30 1
0 8 1
2 12 1
0 25 1
19 27 1
23 15 1
18 10 1
2 12 1
2 27 1
8 0 1
25 1 1
14 15 1
19 3 1
31 23 1
27 12 1
CNOT: 143
29 13 1
5 21 1
19 3 1
22 30 1
6 14 1
12 28 1
11 27 1
4 20 1
18 2 1
26 10 1
8 17 1
9 1 1
0 24 1
31 7 1
23 15 1
16 25 1
23 31 1
6 22 1
7 11 1
27 3 1
12 4 1
20 28 1
29 5 1
16 0 1
25 17 1
24 1 1
21 30 1
10 18 1
2 26 1
15 8 1
9 19 1
9 12 1
5 6 1
15 7 1
4 29 1
27 19 1
21 23 1
31 16 1
3 11 1
28 13 1
1 25 1
24 18 1
8 0 1
22 14 1
2 10 1
29 5 1
31 9 1
14 6 1
7 0 1
24 26 1
11 12 1
10 27 1
18 2 1
8 25 1
30 23 1
19 4 1
28 21 1
3 20 1
13 22 1
31 15 1
12 4 1
28 14 1
3 29 1
25 26 1
2 11 1
13 5 1
7 23 1
21 22 1
18 1 1
9 17 1
30 6 1
8 16 1
27 20 1
10 19 1
15 24 1
7 25 1
19 12 1
21 31 1
26 11 1
28 4 1
27 29 1
9 2 1
13 14 1
0 8 1
6 30 1
17 18 1
23 22 1
7 27 1
15 4 1
25 11 1
6 14 1
21 29 1
17 9 1
13 31 1
26 18 1
3 12 1
24 0 1
16 2 1
10 19 1
20 28 1
23 22 1
18 19 1
28 29 1
25 9 1
20 12 1
17 2 1
14 15 1
23 31 1
27 3 1
8 16 1
5 21 1
22 6 1
1 26 1
30 7 1
31 15 1
27 20 1
24 18 1
9 19 1
16 25 1
8 17 1
23 7 1
12 28 1
29 13 1
1 26 1
22 6 1
2 10 1
22 31 1
24 2 1
27 28 1
18 10 1
15 7 1
0 8 1
19 3 1
4 20 1
1 26 1
18 26 1
24 10 1
11 27 1
0 16 1
6 22 1
30 15 1
31 7 1
0 24 1
1 18 1
CNOT: 144
13 29 1
5 21 1
30 6 1
27 11 1
19 3 1
22 14 1
12 28 1
4 20 1
10 26 1
2 18 1
8 17 1
0 16 1
25 1 1
15 23 1
31 7 1
24 9 1
15 31 1
23 27 1
4 12 1
9 1 1
20 28 1
0 25 1
22 30 1
3 11 1
5 13 1
7 24 1
14 6 1
18 10 1
26 2 1
21 29 1
16 17 1
12 5 1
13 22 1
14 15 1
23 4 1
7 8 1
10 9 1
27 19 1
17 25 1
31 2 1
21 30 1
18 26 1
24 0 1
28 20 1
11 3 1
16 8 1
20 13 1
21 14 1
2 27 1
29 22 1
31 12 1
26 3 1
1 9 1
28 4 1
7 19 1
17 18 1
23 0 1
24 25 1
30 6 1
23 7 1
31 19 1
3 20 1
26 12 1
25 2 1
28 13 1
11 27 1
5 29 1
24 1 1
6 22 1
30 14 1
0 10 1
31 0 1
14 23 1
19 4 1
28 21 1
7 15 1
1 25 1
10 27 1
12 20 1
9 26 1
24 16 1
29 13 1
22 5 1
27 19 1
5 14 1
7 0 1
4 11 1
6 31 1
29 21 1
20 28 1
9 10 1
15 23 1
18 26 1
8 25 1
22 30 1
7 16 1
17 27 1
0 19 1
22 31 1
29 14 1
12 4 1
21 5 1
1 26 1
11 20 1
25 10 1
7 3 1
18 27 1
30 31 1
25 17 1
0 8 1
16 24 1
13 5 1
14 6 1
11 12 1
4 28 1
3 4 1
0 27 1
31 7 1
16 10 1
22 5 1
19 12 1
1 18 1
24 17 1
8 2 1
8 0 1
3 28 1
10 17 1
23 7 1
2 18 1
15 31 1
4 12 1
24 1 1
8 1 1
27 3 1
0 26 1
0 18 1
8 24 1
0 1 1
8 10 1
CNOT: 139
21 5 1
29 13 1
19 3 1
20 4 1
14 6 1
27 11 1
28 12 1
30 22 1
18 2 1
26 10 1
8 0 1
9 1 1
15 7 1
24 16 1
25 17 1
31 23 1
31 15 1
30 14 1
7 19 1
11 3 1
12 4 1
28 20 1
29 21 1
23 9 1
17 18 1
24 8 1
5 22 1
1 25 1
2 26 1
16 0 1
21 30 1
17 1 1
7 28 1
20 29 1
19 27 1
18 10 1
0 24 1
23 25 1
5 6 1
4 13 1
3 12 1
22 14 1
29 21 1
16 25 1
10 2 1
15 17 1
5 30 1
3 19 1
4 28 1
7 31 1
9 1 1
13 14 1
23 24 1
18 20 1
5 31 1
23 7 1
17 19 1
16 24 1
3 29 1
15 20 1
13 21 1
6 30 1
28 27 1
10 9 1
23 27 1
4 5 1
7 8 1
15 16 1
12 29 1
1 9 1
3 11 1
0 17 1
31 22 1
30 14 1
2 19 1
10 28 1
15 27 1
7 16 1
4 29 1
13 23 1
8 0 1
10 19 1
18 28 1
5 14 1
30 31 1
25 17 1
15 26 1
27 11 1
16 1 1
7 12 1
5 23 1
24 0 1
28 3 1
14 6 1
9 10 1
8 17 1
18 19 1
18 27 1
7 26 1
5 29 1
12 4 1
14 15 1
24 16 1
8 1 1
17 10 1
6 23 1
26 19 1
7 11 1
27 20 1
6 15 1
21 5 1
1 10 1
29 13 1
9 18 1
22 23 1
8 26 1
2 27 1
11 3 1
20 4 1
25 10 1
23 15 1
22 31 1
31 15 1
30 23 1
1 26 1
19 27 1
22 7 1
16 8 1
11 12 1
25 26 1
27 28 1
19 3 1
15 7 1
23 7 1
26 18 1
11 27 1
CNOT: 136
21 5 1
29 13 1
19 3 1
20 4 1
14 6 1
27 11 1
28 12 1
30 22 1
18 2 1
26 10 1
8 0 1
9 1 1
15 7 1
24 16 1
25 17 1
31 23 1
31 15 1
30 14 1
7 19 1
11 3 1
12 4 1
28 20 1
29 21 1
23 9 1
17 18 1
24 8 1
5 22 1
1 25 1
2 26 1
16 0 1
21 30 1
17 1 1
7 28 1
20 29 1
19 27 1
18 10 1
0 24 1
23 25 1
5 6 1
4 13 1
3 12 1
22 14 1
29 21 1
16 25 1
10 2 1
15 17 1
5 30 1
3 19 1
4 28 1
7 31 1
9 1 1
13 14 1
23 24 1
18 20 1
5 31 1
23 7 1
17 19 1
16 24 1
3 29 1
15 20 1
13 21 1
6 30 1
28 27 1
10 9 1
23 27 1
4 5 1
7 8 1
15 16 1
12 29 1
1 9 1
3 11 1
0 17 1
31 22 1
30 14 1
2 19 1
10 28 1
15 27 1
7 16 1
4 29 1
13 23 1
8 0 1
10 19 1
18 28 1
5 14 1
30 31 1
25 17 1
15 26 1
27 11 1
16 1 1
7 12 1
5 23 1
24 0 1
28 3 1
14 6 1
9 10 1
8 17 1
18 19 1
18 27 1
7 26 1
5 29 1
12 4 1
14 15 1
24 16 1
8 1 1
17 10 1
6 23 1
26 19 1
7 11 1
27 20 1
6 15 1
21 5 1
1 10 1
29 13 1
9 18 1
22 23 1
8 26 1
2 27 1
11 3 1
20 4 1
25 10 1
23 15 1
22 31 1
31 15 1
30 23 1
1 26 1
19 27 1
22 7 1
16 8 1
11 12 1
25 26 1
27 28 1
19 3 1
15 7 1
23 7 1
26 18 1
11 27 1
CNOT: 136
21 5 1
29 13 1
19 3 1
20 4 1
14 6 1
27 11 1
28 12 1
30 22 1
18 2 1
26 10 1
8 0 1
9 1 1
15 7 1
24 16 1
25 17 1
31 23 1
31 15 1
30 14 1
7 19 1
11 3 1
12 4 1
28 20 1
29 21 1
23 9 1
17 18 1
24 8 1
5 22 1
1 25 1
2 26 1
16 0 1
21 30 1
17 1 1
7 28 1
20 29 1
19 27 1
18 10 1
0 24 1
23 25 1
5 6 1
4 13 1
3 12 1
22 14 1
29 21 1
16 25 1
10 2 1
15 17 1
5 30 1
3 19 1
4 28 1
7 31 1
9 1 1
13 14 1
23 24 1
18 20 1
5 31 1
23 7 1
17 19 1
16 24 1
3 29 1
15 20 1
13 21 1
6 30 1
28 27 1
10 9 1
23 27 1
4 5 1
7 8 1
15 16 1
12 29 1
1 9 1
3 11 1
0 17 1
31 22 1
30 14 1
2 19 1
10 28 1
15 27 1
7 16 1
4 29 1
13 23 1
8 0 1
10 19 1
18 28 1
5 14 1
30 31 1
25 17 1
15 26 1
27 11 1
16 1 1
7 12 1
5 23 1
24 0 1
28 3 1
14 6 1
9 10 1
8 17 1
18 19 1
18 27 1
7 26 1
5 29 1
12 4 1
14 15 1
24 16 1
8 1 1
17 10 1
6 23 1
26 19 1
7 11 1
27 20 1
6 15 1
21 5 1
1 10 1
29 13 1
9 18 1
22 23 1
8 26 1
2 27 1
11 3 1
20 4 1
25 10 1
23 15 1
22 31 1
31 15 1
30 23 1
1 26 1
19 27 1
22 7 1
16 8 1
11 12 1
25 26 1
27 28 1
19 3 1
15 7 1
23 7 1
26 18 1
11 27 1
CNOT: 136
