5 21 14 30 29 13 20 4 6 22 15 23 11 27 7 31 26 10 2 18 17 1 3 19 16 0 12 28 24 8 25 9 
7 15 23 31 21 13 29 5 1 8 3 11 9 0 17 25 10 18 19 27 16 24 22 20 30 12 2 26 28 4 6 14 
13 28 8 15 10 25 0 23 4 17 9 1 19 26 14 29 24 7 21 12 27 3 31 30 11 2 5 20 6 16 18 22 
18 23 4 15 9 0 19 2 1 7 5 29 6 14 26 17 27 25 13 20 31 22 28 12 3 8 10 16 11 24 21 30 
9 17 13 5 23 29 3 8 4 7 10 16 18 15 20 12 25 6 28 19 21 31 27 26 1 0 2 14 11 22 24 30 
31 29 1 0 2 14 4 12 8 3 10 9 11 7 24 30 5 20 23 27 6 15 13 16 17 18 19 21 22 26 25 28 
20 12 23 27 3 26 6 15 10 8 13 16 25 28 0 1 2 4 5 7 9 11 14 17 18 19 21 22 24 29 30 31 
3 15 5 7 10 8 14 12 18 19 24 29 4 16 25 20 27 26 30 31 1 0 6 2 9 11 13 17 21 22 23 28 
3 2 6 29 8 31 12 10 13 7 18 19 
17 13 20 14 22 21 28 23 5 15 2 6 
17 14 22 21 23 24 28 30 19 18 16 4 20 25 26 27 5 15 0 1 2 3 29 6 31 8 11 9 10 12 7 13 
20 5 7 27 16 25 18 17 21 19 26 22 29 6 31 13 1 0 4 2 23 24 11 9 28 30 15 3 8 10 12 14 
4 19 24 17 22 11 30 13 15 27 0 5 1 2 31 21 9 18 12 28 7 23 16 25 26 3 29 6 8 10 20 14 
29 15 16 6 17 14 22 18 23 19 24 11 30 21 12 20 7 25 4 28 26 27 0 5 1 2 3 8 9 10 31 13 
24 16 3 4 8 9 7 12 21 5 23 31 15 19 0 1 26 18 2 10 20 28 29 22 11 27 6 25 30 13 17 14 
6 23 14 15 16 9 21 30 5 22 26 2 20 31 3 12 25 1 7 0 19 4 10 27 29 13 11 28 8 18 24 17 
31 15 23 7 5 29 13 21 11 3 24 0 25 17 18 10 16 8 14 22 27 4 26 28 12 20 2 19 6 30 1 9 
21 5 30 14 13 29 22 6 19 20 15 23 0 16 27 11 1 17 10 26 18 2 31 7 4 3 28 12 9 25 8 24 
CNOT: 268, depth: 18
5 21 14 30 29 13 20 4 6 22 15 23 11 27 7 31 26 10 2 18 17 1 3 19 16 0 12 28 24 8 25 9 
7 15 23 31 21 13 29 5 1 8 3 11 9 0 17 25 10 18 19 27 16 24 22 20 30 12 2 26 28 4 6 14 
13 28 8 15 10 25 0 23 4 17 9 1 19 26 14 29 24 7 21 12 27 3 31 30 11 2 5 20 6 16 18 22 
18 23 4 15 9 0 19 2 1 7 5 29 6 14 26 17 27 25 13 20 31 22 28 12 3 8 10 16 11 24 21 30 
9 17 13 5 23 29 3 8 4 7 10 16 18 15 20 12 25 6 28 19 21 31 27 26 1 0 2 14 11 22 24 30 
31 29 1 0 2 14 4 12 8 3 10 9 11 7 24 30 5 20 23 27 6 15 13 16 17 18 19 21 22 26 25 28 
20 12 23 27 3 26 6 15 10 8 13 16 25 28 0 1 2 4 5 7 9 11 14 17 18 19 21 22 24 29 30 31 
3 15 5 7 10 8 14 12 18 19 24 29 4 16 25 20 27 26 30 31 1 0 6 2 9 11 13 17 21 22 23 28 
3 2 6 29 8 31 12 10 13 7 18 19 
17 13 20 14 22 21 28 23 5 15 2 6 
17 14 22 21 23 24 28 30 19 18 16 4 20 25 26 27 5 15 0 1 2 3 29 6 31 8 11 9 10 12 7 13 
20 5 7 27 16 25 18 17 21 19 26 22 29 6 31 13 1 0 4 2 23 24 11 9 28 30 15 3 8 10 12 14 
4 19 24 17 22 11 30 13 15 27 0 5 1 2 31 21 9 18 12 28 7 23 16 25 26 3 29 6 8 10 20 14 
29 15 16 6 17 14 22 18 23 19 24 11 30 21 12 20 7 25 4 28 26 27 0 5 1 2 3 8 9 10 31 13 
24 16 3 4 8 9 7 12 21 5 23 31 15 19 0 1 26 18 2 10 20 28 29 22 11 27 6 25 30 13 17 14 
6 23 14 15 16 9 21 30 5 22 26 2 20 31 3 12 25 1 7 0 19 4 10 27 29 13 11 28 8 18 24 17 
31 15 23 7 5 29 13 21 11 3 24 0 25 17 18 10 16 8 14 22 27 4 26 28 12 20 2 19 6 30 1 9 
21 5 30 14 13 29 22 6 19 20 15 23 0 16 27 11 1 17 10 26 18 2 31 7 4 3 28 12 9 25 8 24 
CNOT: 268, depth: 18
30 14 7 15 13 5 31 23 29 21 20 4 2 10 17 1 11 27 0 9 3 19 8 24 22 6 26 18 28 12 
20 28 26 2 10 18 8 17 15 3 21 5 22 30 4 12 16 0 31 7 9 25 29 13 24 1 14 11 23 19 
30 31 8 26 28 29 21 22 0 1 14 20 12 13 15 23 19 27 18 2 10 3 24 16 
16 2 3 11 1 10 15 26 19 28 24 0 23 7 6 13 21 29 12 30 4 20 27 31 
11 20 15 16 23 3 7 8 1 9 6 19 
27 11 18 19 23 24 
2 11 15 27 23 28 
23 15 
27 4 23 19 7 28 31 3 15 2 
27 31 14 7 19 3 15 25 10 26 23 17 0 8 1 20 6 29 
6 15 5 14 0 2 27 21 23 1 7 19 22 30 25 17 3 11 29 13 10 20 9 26 24 8 
5 6 15 23 29 30 19 27 25 2 17 26 12 20 0 10 31 7 16 11 4 21 
11 27 21 5 7 23 20 4 3 19 31 15 28 12 24 0 10 18 26 2 16 25 13 30 8 9 14 22 6 29 
13 5 29 21 22 6 30 14 23 11 20 12 31 27 8 24 15 3 16 0 9 25 17 1 2 10 7 19 26 18 4 28 
CNOT: 136, depth: 14
14 6 30 22 15 0 8 1 5 13 21 29 23 2 31 16 24 17 7 18 12 3 27 11 10 19 28 20 9 25 26 4 23 31 19 28 29 13 14 30 8 9 7 0 25 11 6 16 18 2 20 12 1 26 21 5 24 4 10 3 15 17 22 27 8 0 20 5 7 23 29 30 15 16 6 22 27 2 18 25 19 3 1 4 10 28 24 12 31 9 13 14 11 17 26 21 23 6 5 14 7 15 31 0 8 17 1 2 26 12 16 10 9 18 28 21 24 27 11 4 19 3 22 20 30 13 25 29 18 3 22 15 7 25 6 27 19 28 12 21 31 5 30 13 10 14 11 29 16 20 1 17 0 26 23 2 8 4 24 9 12 29 1 3 27 21 31 4 22 5 24 9 8 10 7 17 0 19 15 20 11 28 23 2 25 30 6 26 14 13 16 18 16 18 26 19 25 27 3 28 15 1 22 9 23 21 24 29 31 30 17 12 2 0 5 4 6 7 10 8 14 13 20 11 20 11 25 12 2 0 6 7 10 8 14 13 5 18 15 19 29 26 17 28 3 1 9 4 21 16 23 22 30 24 31 27 3 1 7 4 5 12 17 13 2 18 15 19 23 22 30 24 31 25 31 29 
14 6 30 22 5 29 21 13 3 20 16 9 28 12 23 31 2 17 7 15 8 0 11 10 1 4 25 18 24 26 27 19 27 19 14 30 7 23 29 13 0 8 3 12 15 17 11 26 6 22 16 18 21 5 9 2 25 4 20 28 24 1 31 10 29 30 1 10 27 28 22 8 23 6 13 14 31 3 9 21 0 2 17 11 15 19 12 5 25 4 7 18 16 20 24 26 24 26 3 5 1 11 0 25 13 23 16 27 30 7 6 8 9 21 19 20 22 31 4 29 17 12 15 18 2 28 10 14 12 20 5 21 19 3 1 27 7 29 16 28 22 11 30 18 6 24 0 9 25 4 31 2 8 10 13 14 15 26 23 17 23 17 9 19 1 12 15 26 22 27 2 28 8 4 6 11 13 14 31 20 7 3 0 21 10 16 5 18 24 29 25 30 6 12 7 28 0 21 10 16 14 13 24 17 5 4 22 3 23 27 31 11 1 8 20 9 15 19 2 18 29 26 25 30 25 30 24 11 1 8 20 9 6 26 22 18 21 16 2 27 7 4 0 10 17 13 3 14 15 19 5 12 23 28 31 29 0 10 9 4 3 14 11 12 23 28 31 27 
CNOT: 272, depth: 2
