21 5 1
30 14 1
13 29 1
4 20 1
22 6 1
23 15 1
27 11 1
31 7 1
10 26 1
18 2 1
1 17 1
19 3 1
0 16 1
28 12 1
8 24 1
9 25 1
15 7 1
31 23 1
13 21 1
5 29 1
8 1 1
11 3 1
0 9 1
25 17 1
18 10 1
27 19 1
24 16 1
20 22 1
12 30 1
26 2 1
4 28 1
14 6 1
28 13 1
15 8 1
25 10 1
23 0 1
17 4 1
1 9 1
26 19 1
29 14 1
7 24 1
12 21 1
3 27 1
30 31 1
2 11 1
20 5 1
16 6 1
22 18 1
23 18 1
15 4 1
0 9 1
2 19 1
7 1 1
29 5 1
14 6 1
17 26 1
25 27 1
20 13 1
22 31 1
12 28 1
8 3 1
16 10 1
24 11 1
30 21 1
17 9 1
5 13 1
29 23 1
8 3 1
7 4 1
16 10 1
15 18 1
12 20 1
6 25 1
19 28 1
31 21 1
26 27 1
0 1 1
14 2 1
22 11 1
30 24 1
29 31 1
0 1 1
14 2 1
12 4 1
3 8 1
9 10 1
7 11 1
30 24 1
20 5 1
27 23 1
15 6 1
16 13 1
18 17 1
21 19 1
26 22 1
28 25 1
12 20 1
27 23 1
26 3 1
15 6 1
8 10 1
16 13 1
28 25 1
1 0 1
4 2 1
7 5 1
11 9 1
17 14 1
19 18 1
22 21 1
29 24 1
31 30 1
15 3 1
7 5 1
8 10 1
12 14 1
19 18 1
29 24 1
16 4 1
20 25 1
26 27 1
31 30 1
0 1 1
2 6 1
11 9 1
17 13 1
22 21 1
28 23 1
2 3 1
29 6 1
31 8 1
10 12 1
7 13 1
19 18 1
2 6 0
5 15 0
28 23 0
22 21 0
20 14 0
17 13 0
7 13 0
10 12 0
11 9 0
31 8 0
29 6 0
2 3 0
0 1 0
5 15 0
26 27 0
20 25 0
16 4 0
19 18 0
28 30 0
23 24 0
22 21 0
17 14 0
12 14 0
8 10 0
15 3 0
28 30 0
11 9 0
23 24 0
4 2 0
1 0 0
31 13 0
29 6 0
26 22 0
21 19 0
18 17 0
16 25 0
7 27 0
20 5 0
20 14 0
8 10 0
29 6 0
26 3 0
16 25 0
7 23 0
12 28 0
9 18 0
31 21 0
1 2 0
0 5 0
15 27 0
30 13 0
22 11 0
24 17 0
4 19 0
31 13 0
9 10 0
3 8 0
1 2 0
0 5 0
26 27 0
4 28 0
7 25 0
12 20 0
30 21 0
24 11 0
23 19 0
22 18 0
17 14 0
16 6 0
29 15 0
17 14 0
30 13 0
6 25 0
11 27 0
29 22 0
20 28 0
2 10 0
26 18 0
0 1 0
15 19 0
23 31 0
21 5 0
7 12 0
8 9 0
3 4 0
24 16 0
24 17 0
8 18 0
11 28 0
29 13 0
10 27 0
19 4 0
7 0 0
25 1 0
3 12 0
20 31 0
26 2 0
5 22 0
21 30 0
16 9 0
14 15 0
6 23 0
1 9 0
6 30 0
2 19 0
12 20 0
26 28 0
27 4 0
14 22 0
16 8 0
18 10 0
25 17 0
24 0 0
11 3 0
13 21 0
5 29 0
23 7 0
31 15 0
8 24 0
9 25 0
28 12 0
4 3 0
31 7 0
18 2 0
10 26 0
1 17 0
27 11 0
0 16 0
15 23 0
19 20 0
22 6 0
13 29 0
30 14 0
21 5 0
CNOT: 268
21 5 1
30 14 1
13 29 1
4 20 1
22 6 1
23 15 1
27 11 1
31 7 1
10 26 1
18 2 1
1 17 1
19 3 1
0 16 1
28 12 1
8 24 1
9 25 1
15 7 1
31 23 1
13 21 1
5 29 1
8 1 1
11 3 1
0 9 1
25 17 1
18 10 1
27 19 1
24 16 1
20 22 1
12 30 1
26 2 1
4 28 1
14 6 1
28 13 1
15 8 1
25 10 1
23 0 1
17 4 1
1 9 1
26 19 1
29 14 1
7 24 1
12 21 1
3 27 1
30 31 1
2 11 1
20 5 1
16 6 1
22 18 1
23 18 1
15 4 1
0 9 1
2 19 1
7 1 1
29 5 1
14 6 1
17 26 1
25 27 1
20 13 1
22 31 1
12 28 1
8 3 1
16 10 1
24 11 1
30 21 1
17 9 1
5 13 1
29 23 1
8 3 1
7 4 1
16 10 1
15 18 1
12 20 1
6 25 1
19 28 1
31 21 1
26 27 1
0 1 1
14 2 1
22 11 1
30 24 1
29 31 1
0 1 1
14 2 1
12 4 1
3 8 1
9 10 1
7 11 1
30 24 1
20 5 1
27 23 1
15 6 1
16 13 1
18 17 1
21 19 1
26 22 1
28 25 1
12 20 1
27 23 1
26 3 1
15 6 1
8 10 1
16 13 1
28 25 1
1 0 1
4 2 1
7 5 1
11 9 1
17 14 1
19 18 1
22 21 1
29 24 1
31 30 1
15 3 1
7 5 1
8 10 1
12 14 1
19 18 1
29 24 1
16 4 1
20 25 1
26 27 1
31 30 1
0 1 1
2 6 1
11 9 1
17 13 1
22 21 1
28 23 1
2 3 1
29 6 1
31 8 1
10 12 1
7 13 1
19 18 1
2 6 0
5 15 0
28 23 0
22 21 0
20 14 0
17 13 0
7 13 0
10 12 0
11 9 0
31 8 0
29 6 0
2 3 0
0 1 0
5 15 0
26 27 0
20 25 0
16 4 0
19 18 0
28 30 0
23 24 0
22 21 0
17 14 0
12 14 0
8 10 0
15 3 0
28 30 0
11 9 0
23 24 0
4 2 0
1 0 0
31 13 0
29 6 0
26 22 0
21 19 0
18 17 0
16 25 0
7 27 0
20 5 0
20 14 0
8 10 0
29 6 0
26 3 0
16 25 0
7 23 0
12 28 0
9 18 0
31 21 0
1 2 0
0 5 0
15 27 0
30 13 0
22 11 0
24 17 0
4 19 0
31 13 0
9 10 0
3 8 0
1 2 0
0 5 0
26 27 0
4 28 0
7 25 0
12 20 0
30 21 0
24 11 0
23 19 0
22 18 0
17 14 0
16 6 0
29 15 0
17 14 0
30 13 0
6 25 0
11 27 0
29 22 0
20 28 0
2 10 0
26 18 0
0 1 0
15 19 0
23 31 0
21 5 0
7 12 0
8 9 0
3 4 0
24 16 0
24 17 0
8 18 0
11 28 0
29 13 0
10 27 0
19 4 0
7 0 0
25 1 0
3 12 0
20 31 0
26 2 0
5 22 0
21 30 0
16 9 0
14 15 0
6 23 0
1 9 0
6 30 0
2 19 0
12 20 0
26 28 0
27 4 0
14 22 0
16 8 0
18 10 0
25 17 0
24 0 0
11 3 0
13 21 0
5 29 0
23 7 0
31 15 0
8 24 0
9 25 0
28 12 0
4 3 0
31 7 0
18 2 0
10 26 0
1 17 0
27 11 0
0 16 0
15 23 0
19 20 0
22 6 0
13 29 0
30 14 0
21 5 0
CNOT: 268
30 14 1
7 15 1
13 5 1
31 23 1
29 21 1
20 4 1
2 10 1
17 1 1
11 27 1
0 9 1
3 19 1
8 24 1
22 6 1
26 18 1
28 12 1
20 28 1
26 2 1
10 18 1
8 17 1
15 3 1
21 5 1
22 30 1
4 12 1
16 0 1
31 7 1
9 25 1
29 13 1
24 1 1
14 11 1
23 19 1
30 31 1
8 26 1
28 29 1
21 22 1
0 1 1
14 20 1
12 13 1
15 23 1
19 27 1
18 2 1
10 3 1
24 16 1
16 2 1
3 11 1
1 10 1
15 26 1
19 28 1
24 0 1
23 7 1
6 13 1
21 29 1
12 30 1
4 20 1
27 31 1
11 20 1
15 16 1
23 3 1
7 8 1
1 9 1
6 19 1
27 11 1
18 19 1
23 24 1
2 11 1
15 27 1
23 28 1
23 15 0
15 2 0
31 3 0
7 28 0
23 19 0
27 4 0
6 29 0
1 20 0
0 8 0
23 17 0
10 26 0
15 25 0
19 3 0
14 7 0
27 31 0
24 8 0
9 26 0
10 20 0
29 13 0
3 11 0
25 17 0
22 30 0
7 19 0
23 1 0
27 21 0
0 2 0
5 14 0
6 15 0
4 21 0
16 11 0
31 7 0
0 10 0
12 20 0
17 26 0
25 2 0
19 27 0
29 30 0
15 23 0
5 6 0
6 29 0
14 22 0
8 9 0
13 30 0
16 25 0
26 2 0
10 18 0
24 0 0
28 12 0
31 15 0
3 19 0
20 4 0
7 23 0
21 5 0
11 27 0
4 28 0
26 18 0
7 19 0
2 10 0
17 1 0
9 25 0
16 0 0
15 3 0
8 24 0
31 27 0
20 12 0
23 11 0
30 14 0
22 6 0
29 21 0
13 5 0
CNOT: 136
14 6 1
30 22 1
15 0 1
8 1 1
5 13 1
21 29 1
23 2 1
31 16 1
24 17 1
7 18 1
12 3 1
27 11 1
10 19 1
28 20 1
9 25 1
26 4 1
23 31 1
19 28 1
29 13 1
14 30 1
8 9 1
7 0 1
25 11 1
6 16 1
18 2 1
20 12 1
1 26 1
21 5 1
24 4 1
10 3 1
15 17 1
22 27 1
8 0 1
20 5 1
7 23 1
29 30 1
15 16 1
6 22 1
27 2 1
18 25 1
19 3 1
1 4 1
10 28 1
24 12 1
31 9 1
13 14 1
11 17 1
26 21 1
23 6 1
5 14 1
7 15 1
31 0 1
8 17 1
1 2 1
26 12 1
16 10 1
9 18 1
28 21 1
24 27 1
11 4 1
19 3 1
22 20 1
30 13 1
25 29 1
18 3 1
22 15 1
7 25 1
6 27 1
19 28 1
12 21 1
31 5 1
30 13 1
10 14 1
11 29 1
16 20 1
1 17 1
0 26 1
23 2 1
8 4 1
24 9 1
12 29 1
1 3 1
27 21 1
31 4 1
22 5 1
24 9 1
8 10 1
7 17 1
0 19 1
15 20 1
11 28 1
23 2 1
25 30 1
6 26 1
14 13 1
16 18 1
16 18 1
26 19 1
25 27 1
3 28 1
15 1 1
22 9 1
23 21 1
24 29 1
31 30 1
17 12 1
2 0 1
5 4 1
6 7 1
10 8 1
14 13 1
20 11 1
20 11 1
25 12 1
2 0 1
6 7 1
10 8 1
14 13 1
5 18 1
15 19 1
29 26 1
17 28 1
3 1 1
9 4 1
21 16 1
23 22 1
30 24 1
31 27 1
3 1 1
7 4 1
5 12 1
17 13 1
2 18 1
15 19 1
23 22 1
30 24 1
31 25 1
31 29 1
31 27 0
23 28 0
11 12 0
3 14 0
9 4 0
0 10 0
31 29 0
23 28 0
5 12 0
15 19 0
3 14 0
17 13 0
0 10 0
7 4 0
2 27 0
21 16 0
22 18 0
6 26 0
20 9 0
1 8 0
24 11 0
25 30 0
25 30 0
29 26 0
2 18 0
15 19 0
20 9 0
1 8 0
31 11 0
23 27 0
22 3 0
5 4 0
24 17 0
14 13 0
10 16 0
0 21 0
7 28 0
6 12 0
25 30 0
24 29 0
5 18 0
10 16 0
0 21 0
7 3 0
31 20 0
13 14 0
6 11 0
8 4 0
2 28 0
22 27 0
15 26 0
1 12 0
9 19 0
23 17 0
23 17 0
15 26 0
13 14 0
8 10 0
31 2 0
25 4 0
0 9 0
6 24 0
30 18 0
22 11 0
16 28 0
7 29 0
1 27 0
19 3 0
5 21 0
12 20 0
10 14 0
2 28 0
15 18 0
17 12 0
4 29 0
22 31 0
19 20 0
9 21 0
6 8 0
30 7 0
16 27 0
13 23 0
0 25 0
1 11 0
3 5 0
24 26 0
24 26 0
16 20 0
7 18 0
25 4 0
12 5 0
15 19 0
17 11 0
0 2 0
9 21 0
31 3 0
13 14 0
23 6 0
22 8 0
27 28 0
1 10 0
29 30 0
31 10 0
24 1 0
20 28 0
25 4 0
9 2 0
21 5 0
16 18 0
6 22 0
11 26 0
15 17 0
3 12 0
0 8 0
29 13 0
7 23 0
14 30 0
27 19 0
27 19 0
24 26 0
25 18 0
1 4 0
11 10 0
8 0 0
7 15 0
2 17 0
23 31 0
28 12 0
16 9 0
3 20 0
21 13 0
5 29 0
30 22 0
14 6 0
CNOT: 272
