22, 6, 1
14, 30, 1
31, 23, 1
5, 21, 1
13, 29, 1
28, 12, 1
15, 7, 1
19, 3, 1
11, 27, 1
4, 20, 1
26, 10, 1
17, 25, 1
2, 18, 1
24, 8, 1
1, 9, 1
0, 16, 1
23, 7, 1
21, 29, 1
15, 31, 1
5, 13, 1
9, 16, 1
27, 3, 1
19, 11, 1
30, 22, 1
6, 14, 1
18, 17, 1
10, 1, 1
20, 12, 1
25, 24, 1
28, 4, 1
17, 1, 1
8, 31, 1
29, 20, 1
21, 4, 1
25, 16, 1
30, 6, 1
11, 15, 1
27, 23, 1
10, 24, 1
7, 13, 1
14, 22, 1
1, 8, 1
30, 13, 1
20, 11, 1
6, 4, 1
26, 17, 1
24, 15, 1
12, 27, 1
16, 31, 1
3, 10, 1
0, 15, 1
3, 31, 1
12, 22, 1
20, 23, 1
27, 17, 1
9, 1, 1
31, 7, 0
4, 12, 0
0, 8, 0
26, 11, 0
19, 27, 0
5, 6, 0
21, 13, 0
24, 3, 0
17, 2, 0
15, 23, 0
23, 8, 0
28, 20, 0
17, 9, 0
1, 25, 0
19, 4, 0
13, 29, 0
5, 21, 0
15, 27, 0
2, 10, 0
11, 3, 0
22, 31, 0
21, 6, 0
31, 12, 0
2, 11, 0
30, 7, 0
18, 3, 0
15, 4, 0
8, 1, 0
26, 27, 0
9, 10, 0
28, 13, 0
5, 22, 0
14, 23, 0
6, 30, 0
25, 10, 0
4, 28, 0
24, 16, 0
12, 20, 0
0, 9, 0
1, 17, 0
26, 18, 0
22, 14, 0
3, 27, 0
11, 19, 0
29, 21, 0
31, 15, 0
7, 23, 0
13, 5, 0
16, 0, 0
9, 1, 0
8, 24, 0
18, 2, 0
25, 17, 0
3, 19, 0
10, 26, 0
27, 11, 0
20, 4, 0
7, 15, 0
23, 31, 0
12, 28, 0
6, 22, 0
30, 14, 0
29, 5, 0
21, 13, 0
CNOT: 120
