(14 30 1)|(29 13 1)|(6 22 1)|(21 5 1)|(12 28 1)|(31 23 1)|(15 7 1)|(27 19 1)|(4 20 1)|(26 10 1)|(17 25 1)|(11 3 1)|(18 2 1)|(1 9 1)|(0 16 1)|(24 8 1)|
(27 11 1)|(23 7 1)|(13 5 1)|(3 19 1)|(29 21 1)|(9 16 1)|(17 1 1)|(15 31 1)|(20 12 1)|(10 2 1)|(22 14 1)|(25 24 1)|(28 4 1)|(30 6 1)|
(30 22 1)|(12 4 1)|(8 31 1)|(19 10 1)|(28 20 1)|(25 16 1)|(11 23 1)|(2 1 1)|(18 17 1)|(14 6 1)|(5 29 1)|(3 27 1)|(0 15 1)|(7 21 1)|
(8 1 1)|(5 28 1)|(13 22 1)|(11 17 1)|(23 15 1)|(10 18 1)|(20 31 1)|(30 21 1)|
(9 17 1)|(25 8 1)|(19 11 1)|(16 31 1)|(3 15 1)|(5 12 1)|(22 4 1)|(28 23 1)|
(3 28 0)|(23 1 0)|(11 20 0)|(2 10 0)|(17 26 0)|(31 19 0)|
(6 31 0)|(11 3 0)|(15 4 0)|(30 7 0)|(23 20 0)|(21 5 0)|(8 9 0)|(26 19 0)|(24 10 0)|(27 28 0)|(29 22 0)|(0 1 0)|
(29 6 0)|(14 23 0)|(18 11 0)|(27 4 0)|(31 7 0)|(12 21 0)|(9 10 0)|(26 3 0)|(15 24 0)|(1 8 0)|(13 22 0)|(17 20 0)|
(21 29 0)|(7 23 0)|(11 27 0)|(31 15 0)|(5 22 0)|(1 17 0)|(19 3 0)|(0 9 0)|(26 2 0)|(24 16 0)|(25 10 0)|(6 14 0)|(20 28 0)|(4 12 0)|(13 30 0)|
(22 29 0)|(5 21 0)|(30 14 0)|(13 6 0)|(28 12 0)|(19 27 0)|(7 15 0)|(25 17 0)|(10 26 0)|(23 31 0)|(3 11 0)|(20 4 0)|(9 1 0)|(2 18 0)|(16 0 0)|(8 24 0)|
CNOT: 121, depth: 10 and cost function: sum occurs in 828
(6 22 1)|(21 5 1)|(30 14 1)|(13 29 1)|(4 20 1)|(23 15 1)|(31 7 1)|(27 3 1)|(12 28 1)|(10 26 1)|(0 16 1)|(19 11 1)|(1 17 1)|(18 2 1)|(9 25 1)|(24 8 1)|
(7 15 1)|(29 5 1)|(23 31 1)|(21 13 1)|(19 27 1)|(3 11 1)|(1 9 1)|(8 0 1)|(25 17 1)|(26 18 1)|(6 30 1)|(16 24 1)|(14 12 1)|(22 4 1)|(2 10 1)|(28 20 1)|
(26 2 1)|(5 28 1)|(16 7 1)|(3 18 1)|(29 12 1)|(17 8 1)|(27 10 1)|(20 31 1)|(24 0 1)|(14 6 1)|(25 1 1)|(19 23 1)|(22 30 1)|(11 21 1)|
(7 31 1)|(4 12 1)|(14 30 1)|(2 25 1)|(20 1 1)|(28 27 1)|(17 24 1)|(5 13 1)|(26 23 1)|(3 19 1)|(15 22 1)|(8 21 1)|
(9 23 1)|(31 21 1)|(27 7 1)|(22 29 1)|(15 4 1)|(11 26 1)|(12 19 1)|(2 1 1)|
(23 0 0)|(7 25 0)|(20 28 0)|(31 8 0)|(9 17 0)|(14 15 0)|
(23 19 0)|(12 20 0)|(4 13 0)|(31 11 0)|(21 30 0)|(7 3 0)|(6 15 0)|(9 26 0)|(1 10 0)|(0 17 0)|(29 14 0)|
(6 7 0)|(30 31 0)|(13 22 0)|(24 9 0)|(0 25 0)|(12 4 0)|(16 17 0)|(3 20 0)|(23 15 0)|(27 11 0)|(1 18 0)|(10 28 0)|(21 29 0)|
(15 7 0)|(13 21 0)|(31 23 0)|(5 29 0)|(27 19 0)|(9 1 0)|(11 3 0)|(4 28 0)|(17 25 0)|(30 6 0)|(18 20 0)|(0 24 0)|(2 26 0)|
(5 21 0)|(29 13 0)|(22 6 0)|(14 30 0)|(20 4 0)|(16 0 0)|(3 27 0)|(7 31 0)|(17 1 0)|(26 10 0)|(11 19 0)|(28 12 0)|(15 23 0)|(2 18 0)|(25 9 0)|(8 24 0)|
CNOT: 125, depth: 10 and cost function: sum occurs in 1390
