(22 6 1)|(31 23 1)|(14 30 1)|(15 7 1)|(5 21 1)|(29 13 1)|(28 12 1)|(19 3 1)|(11 27 1)|(4 20 1)|(26 10 1)|(2 18 1)|(17 25 1)|(24 8 1)|(1 9 1)|(0 16 1)|
(13 21 1)|(23 7 1)|(15 31 1)|(5 29 1)|(9 16 1)|(20 12 1)|(30 22 1)|(27 3 1)|(19 11 1)|(6 14 1)|(18 26 1)|(10 1 1)|(25 24 1)|
(8 31 1)|(18 1 1)|(25 16 1)|(30 13 1)|(3 10 1)|(7 29 1)|(20 28 1)|(21 5 1)|(14 22 1)|(6 4 1)|(27 23 1)|(2 26 1)|(19 15 1)|
(17 1 1)|(21 20 1)|(3 11 1)|(27 19 1)|(7 30 1)|(16 22 1)|(29 4 1)|(10 26 1)|(12 31 1)|(13 28 1)|(0 15 1)|
(8 1 1)|(29 28 1)|(23 15 1)|(4 19 1)|(10 2 1)|(7 31 1)|(12 27 1)|(9 17 1)|
(29 6 0)|(24 10 0)|(19 28 0)|(8 9 0)|(31 3 0)|(0 1 0)|(23 20 0)|(15 11 0)|
(15 19 0)|(22 31 0)|(5 29 0)|(8 25 0)|(26 27 0)|(17 10 0)|(23 1 0)|(13 6 0)|(11 20 0)|
(14 23 0)|(5 22 0)|(17 26 0)|(2 11 0)|(6 7 0)|(19 20 0)|(15 24 0)|(1 8 0)|(9 10 0)|(18 3 0)|(31 16 0)|(4 12 0)|
(13 5 0)|(7 23 0)|(31 15 0)|(12 20 0)|(11 19 0)|(3 27 0)|(22 14 0)|(0 9 0)|(1 17 0)|(21 29 0)|(26 2 0)|(24 16 0)|(25 10 0)|
(29 5 0)|(21 13 0)|(30 14 0)|(6 22 0)|(12 28 0)|(23 31 0)|(7 15 0)|(20 4 0)|(27 11 0)|(10 26 0)|(3 19 0)|(25 17 0)|(18 2 0)|(8 24 0)|(9 1 0)|(16 0 0)|
CNOT: 119, depth: 10 and cost function: norm with Linf occurs in 441
