6, 22, 1
15, 7, 1
30, 14, 1
21, 5, 1
31, 23, 1
12, 28, 1
13, 29, 1
3, 19, 1
27, 11, 1
20, 4, 1
10, 26, 1
1, 9, 1
18, 2, 1
8, 24, 1
17, 25, 1
16, 0, 1
29, 5, 1
23, 7, 1
21, 13, 1
31, 15, 1
25, 0, 1
4, 28, 1
11, 19, 1
3, 27, 1
2, 10, 1
30, 6, 1
26, 17, 1
9, 8, 1
22, 14, 1
20, 12, 1
7, 22, 1
24, 15, 1
14, 29, 1
2, 17, 1
9, 0, 1
19, 26, 1
4, 12, 1
5, 21, 1
28, 20, 1
11, 23, 1
18, 10, 1
16, 31, 1
11, 12, 1
5, 4, 1
1, 17, 1
22, 13, 1
19, 27, 1
26, 10, 1
7, 6, 1
0, 15, 1
23, 31, 1
24, 17, 1
29, 12, 1
26, 1, 1
14, 6, 1
28, 15, 1
27, 31, 1
4, 23, 1
18, 26, 0
11, 28, 0
31, 7, 0
16, 17, 0
15, 19, 0
1, 25, 0
24, 9, 0
3, 12, 0
27, 4, 0
21, 13, 0
30, 22, 0
8, 26, 0
31, 12, 0
10, 11, 0
24, 25, 0
23, 17, 0
6, 15, 0
12, 11, 0
15, 7, 0
17, 24, 0
25, 26, 0
2, 19, 0
20, 13, 0
31, 8, 0
3, 4, 0
18, 27, 0
1, 10, 0
21, 6, 0
30, 23, 0
9, 26, 0
12, 20, 0
14, 22, 0
10, 18, 0
8, 0, 0
5, 13, 0
17, 1, 0
16, 25, 0
6, 30, 0
19, 11, 0
27, 3, 0
28, 4, 0
15, 31, 0
7, 23, 0
29, 21, 0
0, 16, 0
25, 17, 0
24, 8, 0
2, 18, 0
9, 1, 0
19, 3, 0
4, 20, 0
26, 10, 0
11, 27, 0
23, 31, 0
7, 15, 0
28, 12, 0
22, 6, 0
14, 30, 0
13, 21, 0
5, 29, 0
CNOT: 118
