(14 30 1)|(22 6 1)|(23 31 1)|(7 15 1)|(29 21 1)|(4 20 1)|(5 13 1)|(8 24 1)|(28 12 1)|(18 2 1)|(26 10 1)|(17 1 1)|(11 19 1)|(3 27 1)|(9 25 1)|(0 16 1)|
(3 11 1)|(29 5 1)|(31 15 1)|(13 21 1)|(7 23 1)|(25 16 1)|(9 17 1)|(27 19 1)|(20 12 1)|(1 24 1)|(2 10 1)|(28 4 1)|(8 0 1)|(30 6 1)|(18 26 1)|
(13 5 1)|(12 23 1)|(2 18 1)|(11 31 1)|(21 20 1)|(14 29 1)|(10 26 1)|(19 3 1)|(6 4 1)|(15 30 1)|(1 17 1)|(0 7 1)|(24 16 1)|(25 8 1)|
(10 24 1)|(21 5 1)|(27 11 1)|(30 13 1)|(16 23 1)|(31 7 1)|(19 17 1)|(15 29 1)|(6 14 1)|(20 3 1)|
(4 7 1)|(27 3 1)|(10 8 1)|(25 17 1)|(21 28 1)|(24 31 1)|(15 23 1)|
(0 24 0)|(22 30 0)|(11 12 0)|(4 5 0)|(23 19 0)|(1 10 0)|(27 20 0)|(28 13 0)|(17 2 0)|
(22 23 0)|(8 17 0)|(31 27 0)|(26 11 0)|(3 4 0)|(9 1 0)|(16 24 0)|(28 20 0)|(18 10 0)|(29 13 0)|(7 5 0)|
(15 31 0)|(7 17 0)|(0 8 0)|(4 28 0)|(29 22 0)|(18 27 0)|(9 26 0)|(14 30 0)|(13 21 0)|(5 6 0)|(16 1 0)|(25 10 0)|(2 19 0)|(12 20 0)|
(5 29 0)|(11 3 0)|(14 15 0)|(23 7 0)|(17 9 0)|(19 27 0)|(22 31 0)|(4 12 0)|(21 13 0)|(10 2 0)|(24 25 0)|(8 16 0)|(26 18 0)|(6 30 0)|
(21 5 0)|(13 29 0)|(30 14 0)|(6 22 0)|(15 7 0)|(19 11 0)|(24 8 0)|(31 23 0)|(27 3 0)|(25 9 0)|(1 17 0)|(10 26 0)|(20 4 0)|(12 28 0)|(2 18 0)|(16 0 0)|
CNOT: 126, depth: 10 and cost function: norm with L1 occurs in 1
(30 14 1)|(13 29 1)|(22 6 1)|(5 21 1)|(28 12 1)|(7 31 1)|(19 3 1)|(27 11 1)|(4 20 1)|(2 18 1)|(10 26 1)|(25 1 1)|(23 15 1)|(0 16 1)|(9 17 1)|(8 24 1)|
(15 31 1)|(23 7 1)|(21 29 1)|(3 11 1)|(19 27 1)|(13 5 1)|(17 24 1)|(25 9 1)|(26 2 1)|(1 0 1)|(14 22 1)|(12 20 1)|(4 28 1)|(18 10 1)|(6 30 1)|
(16 7 1)|(21 6 1)|(1 24 1)|(22 30 1)|(11 10 1)|(29 12 1)|(26 9 1)|(3 15 1)|(31 5 1)|(18 0 1)|(17 25 1)|(8 23 1)|(20 28 1)|(14 19 1)|
(16 9 1)|(20 3 1)|(29 5 1)|(11 7 1)|(24 30 1)|(31 22 1)|(6 28 1)|(12 4 1)|(15 23 1)|(14 13 1)|(0 27 1)|
(18 9 1)|(6 13 1)|(12 15 1)|(31 7 1)|(3 2 1)|(11 0 1)|(27 23 1)|(14 5 1)|
(27 0 0)|(19 28 0)|(23 3 0)|(16 17 0)|(6 14 0)|(18 11 0)|(8 9 0)|(7 20 0)|
(30 7 0)|(15 9 0)|(25 18 0)|(4 6 0)|(23 31 0)|(16 1 0)|(2 10 0)|(28 14 0)|(19 11 0)|(13 5 0)|(27 12 0)|
(22 15 0)|(13 30 0)|(10 27 0)|(25 2 0)|(21 6 0)|(23 28 0)|(4 5 0)|(17 18 0)|(14 31 0)|(9 16 0)|(26 11 0)|(19 3 0)|(7 24 0)|
(5 13 0)|(31 15 0)|(7 23 0)|(27 19 0)|(11 3 0)|(29 6 0)|(9 25 0)|(8 17 0)|(1 18 0)|(0 24 0)|(30 22 0)|(20 12 0)|(28 4 0)|(2 10 0)|(21 14 0)|
(29 5 0)|(6 13 0)|(14 30 0)|(21 22 0)|(12 28 0)|(31 7 0)|(20 4 0)|(3 19 0)|(18 2 0)|(11 27 0)|(1 25 0)|(15 23 0)|(26 10 0)|(16 0 0)|(17 9 0)|(24 8 0)|
CNOT: 127, depth: 10 and cost function: norm with Linf occurs in 684
